0 1 2 3 
4 5 6 7 6 9 10 11 
12 13 14 15 16 17 18 19 17 21 
22 23 24 25 26 
6 17 29 30 31 
32 33 34 35 6 37 38 
39 40 
32 42 24 44 
45 46 12 48 6 50 51 52 
53 54 53 2 57 58 59 2 61 62 63 37 65 34 67 
2 69 22 34 72 18 12 75 18 77 10 79 12 81 18 77 84 79 12 87 88 89 90 91 6 93 17 
2 69 97 98 99 18 97 102 99 104 105 106 107 2 109 110 6 112 
2 114 115 116 2 118 119 116 2 122 119 124 12 126 127 119 129 65 34 132 2 134 119 129 2 46 139 140 141 142 
25 144 29 97 147 148 149 67 53 89 6 75 37 156 157 158 
104 22 161 162 163 106 165 166 167 168 169 170 97 172 25 174 
2 176 
77 178 179 180 181 34 37 184 185 186 2 46 189 170 37 192 170 97 195 29 97 98 199 200 201 202 17 204 
158 46 207 34 209 210 211 212 42 214 77 214 217 212 219 37 186 
158 223 224 37 226 
105 116 12 230 231 232 233 18 4 223 237 238 
239 17 241 22 22 244 109 6 247 248 239 250 251 252 25 26 104 256 7 6 259 170 261 34 97 264 265 22 
22 179 269 270 271 272 18 274 275 
276 277 278 
279 33 34 282 283 284 18 286 287 
22 289 290 17 77 269 294 46 296 297 298 299 300 18 302 303 304 305 306 307 
22 122 29 97 312 313 314 18 269 132 79 37 320 321 322 323 
77 325 37 327 2 329 330 
331 332 106 12 126 39 2 338 6 340 341 2 343 6 345 166 97 348 265 303 
351 352 42 354 355 331 77 2 57 360 6 362 363 345 365 170 53 167 369 370 12 372 23 374 97 376 
25 378 
2 380 69 248 106 269 126 170 340 388 42 390 34 303 127 170 97 396 25 398 
399 400 401 34 72 124 405 406 22 29 102 104 90 412 413 59 45 248 388 418 419 420 374 77 351 170 425 
426 22 428 106 97 431 22 433 29 97 99 104 62 439 180 110 6 443 444 34 97 447 18 449 18 451 18 453 18 455 18 457 
458 179 6 461 269 270 11 465 
29 97 284 34 72 399 472 272 18 475 476 269 372 104 22 241 179 248 484 289 32 29 269 489 
272 79 492 18 494 18 476 79 498 18 494 18 502 503 106 505 506 507 508 22 127 
97 284 513 514 17 2 517 
2 57 520 521 77 523 465 
22 69 527 1 26 39 2 161 22 2 535 7 6 338 6 340 265 37 543 544 
97 284 547 365 549 18 22 247 37 554 
2 380 69 248 106 67 104 62 563 564 77 554 18 65 569 570 2 572 573 
574 575 170 97 578 265 158 
62 563 564 77 97 575 6 588 79 6 338 592 593 97 52 596 22 413 6 97 575 77 603 22 97 606 607 18 609 158 107 612 592 6 22 
39 2 618 238 620 621 256 623 624 625 593 627 165 629 630 2 112 633 119 627 
256 338 6 340 170 97 642 18 433 39 2 114 461 363 
25 176 53 653 654 
22 656 345 37 659 660 25 662 104 32 223 666 53 37 669 
670 17 6 673 97 675 22 677 77 22 112 17 
670 17 129 2 109 219 6 22 331 77 692 659 53 22 677 697 698 699 700 701 18 703 704 39 30 18 708 709 
2 711 12 713 18 715 34 717 53 25 63 180 77 723 724 170 726 140 25 729 59 18 2 733 6 735 97 737 53 37 740 741 
22 127 744 745 166 37 748 749 750 119 752 753 754 755 
22 127 758 759 760 37 762 763 
22 127 97 767 34 769 770 771 772 97 753 775 776 
22 127 779 166 37 782 783 406 97 786 787 18 97 790 791 792 97 794 166 97 797 
22 127 800 18 802 803 18 805 806 37 808 809 810 
18 32 37 51 815 406 817 818 170 269 821 822 170 97 825 34 37 828 829 
830 144 
832 265 77 723 226 527 22 839 17 841 219 37 844 845 846 119 167 849 265 37 852 853 
692 855 856 857 106 17 832 97 207 575 2 865 866 
211 79 37 870 871 872 873 2 875 830 877 878 63 857 170 217 832 129 25 886 
107 888 127 870 2 892 388 129 895 896 79 870 
22 900 25 902 
380 22 433 77 275 873 909 129 25 886 596 25 79 839 6 896 158 
22 921 
22 439 839 17 896 521 870 832 6 931 22 593 97 935 406 163 
374 25 63 941 2 14 265 37 946 947 
465 212 6 345 952 6 588 119 677 
957 958 217 46 223 170 963 248 34 37 967 265 17 6 588 97 973 575 18 976 830 978 18 772 330 982 983 97 985 18 987 330 989 990 18 670 330 77 2 46 997 2 63 1000 330 
140 158 1004 345 1006 6 1008 330 1010 2 178 1013 1014 12 351 1017 
1018 12 13 61 163 106 1024 170 97 284 921 921 921 921 921 12 1013 1035 170 97 642 374 2 63 180 1043 6 1045 37 1047 1048 1049 170 6 97 313 170 1055 6 1057 351 431 124 161 629 6 69 18 1066 527 1068 46 97 98 99 
1073 46 1075 97 195 18 53 1080 53 2 1083 90 1085 18 1087 17 37 1090 1091 
2 1093 158 406 97 1097 1098 1099 18 609 1102 6 1104 
0 1073 2 61 
105 129 2 1112 
354 642 1115 
1068 90 26 
4 1120 6 433 22 592 
22 161 822 37 1129 1130 22 380 231 12 162 42 1137 22 161 170 45 1142 142 
2 1145 37 1147 1148 170 97 1151 18 232 1154 204 2 290 420 
2 1160 1161 331 
1163 170 97 99 627 623 331 1170 
37 1172 34 1174 161 1176 265 22 141 1180 1004 345 1183 
77 46 1186 201 1170 18 37 1191 34 1193 37 1115 
1196 1193 75 46 124 412 180 45 140 
895 1206 17 39 22 161 29 269 1213 104 2 623 176 
420 1219 1213 2 61 
627 370 90 1226 37 1228 18 37 1231 166 1233 1234 
1235 269 1237 1115 
1068 2 1241 22 244 896 6 345 1247 1248 22 161 18 42 2 61 97 1013 575 77 1259 6 12 935 
32 139 1161 1073 2 1268 420 
2 380 896 6 433 1163 265 37 1172 34 544 
331 609 1283 219 22 6 670 17 129 1290 45 1142 142 
279 97 1013 947 170 12 217 62 1302 1303 37 1305 1306 
1307 1170 97 99 1311 1312 
22 1259 170 106 817 1318 18 14 15 170 269 1097 1325 207 170 97 1329 
22 61 163 106 189 63 1336 29 97 102 99 1170 18 63 37 1172 34 1347 18 1349 45 
46 2 1353 1073 627 6 1357 1353 
22 244 1361 158 18 374 37 947 22 1368 6 1370 219 22 46 1374 59 
22 46 223 1379 199 1115 
1382 1115 
1384 18 1186 201 1259 170 
77 1004 345 37 1394 374 1396 1318 1170 
895 839 261 428 106 332 22 161 1379 1408 97 1410 895 839 77 158 1004 1045 37 1418 6 1420 22 
609 1170 2 875 22 63 261 65 34 37 186 
22 1434 1435 219 18 1438 406 269 1441 18 1443 1444 
42 1186 201 90 61 1450 1451 114 1453 406 77 5 166 18 1368 18 1461 22 806 97 1465 596 22 202 204 
1470 180 1472 107 355 1115 
1068 1477 22 1479 1480 199 22 202 204 106 1486 18 116 161 22 
97 1492 1493 37 226 106 158 374 22 941 104 1283 1045 12 1505 1170 77 22 1509 1510 129 1512 345 1514 1353 1115 
1068 
0 37 1520 1073 2 61 
105 37 1526 1148 12 231 
2 1531 37 1306 18 244 69 116 1283 180 119 129 1283 180 139 
57 22 362 17 179 261 1551 4 37 226 1555 34 1557 
34 72 1170 
332 248 547 22 247 37 1172 34 1569 547 588 2 290 420 39 22 179 77 248 
77 547 345 1583 1170 
39 458 623 1588 37 1590 219 97 81 1594 1595 256 624 158 698 97 1006 
90 1603 1604 17 
1606 1607 46 163 2 1611 1612 627 588 596 2 63 1618 6 1620 527 1068 1623 
2 63 91 170 97 1629 29 620 621 97 1634 1635 18 1637 77 12 606 1623 53 1643 1644 
1645 46 1647 1648 806 12 1651 18 77 12 270 1656 1657 46 97 40 1661 2 1612 1664 
2 63 1667 97 1669 166 211 2 63 839 97 1676 1677 18 1679 97 1681 15 97 1684 
207 34 12 1688 170 35 6 97 98 63 180 6 433 39 2 1700 624 1551 806 1611 1705 37 1707 
2 1709 1710 170 12 1713 
465 46 223 37 498 1719 34 1551 941 
158 1004 723 17 596 2 1637 37 11 6 1733 166 957 1736 
439 231 374 107 2 290 1073 
2 875 2 179 1748 6 723 17 596 2 624 15 6 97 284 
39 1163 1761 265 17 22 1765 1766 17 388 1142 18 380 69 116 2 866 
184 354 1170 90 517 
256 1045 30 1784 77 413 265 22 1170 18 627 362 166 62 1795 713 166 22 
12 1800 1035 46 29 167 299 1806 34 1808 18 1810 698 12 1813 1814 544 37 1817 166 1819 1820 278 116 22 57 624 37 354 1828 39 22 179 97 1551 6 1835 265 158 18 97 947 6 1842 265 1844 2 63 503 
2 1241 77 1851 34 957 126 1004 345 1766 1858 170 97 1817 18 2 244 896 6 7 1336 29 97 102 99 116 1283 179 6 1588 97 1879 1055 119 97 1883 
97 1817 46 1887 1888 46 627 1891 1892 2 63 37 1896 1336 
158 46 37 1394 374 207 1318 199 2 1907 97 102 99 
97 1912 1913 29 12 990 18 1918 1919 37 1394 1922 1923 170 97 1926 1927 97 75 34 1068 166 97 1934 34 1936 
2 1938 12 1940 18 1942 18 1944 1408 97 1947 772 97 1950 1951 16 97 1879 
37 1172 34 431 1959 18 1961 53 2 1964 303 42 2 1959 592 18 61 1972 170 37 1975 1976 
170 97 1979 2 1637 37 192 18 37 1986 34 97 1989 42 2 733 6 1994 204 406 97 1998 
97 2000 2001 161 2003 6 2005 104 465 46 223 428 34 37 2013 2014 97 2016 18 2018 46 2020 2021 97 2023 34 2025 2026 772 37 2029 265 37 723 2033 2034 
97 172 2037 46 354 
97 2041 166 2043 46 5 2046 11 18 97 2050 170 97 2053 46 1307 170 2057 
97 737 2060 2061 2062 2063 34 2065 2066 6 2068 2069 806 2071 2072 104 53 167 299 737 2078 
2 1612 670 77 158 63 180 2086 
1283 564 106 97 2091 698 261 34 2046 2096 124 63 1766 303 1148 2102 18 2 63 275 2107 77 895 161 139 37 2113 166 97 2116 2117 
2118 63 1219 2121 265 37 1172 34 2126 554 29 2129 2130 2131 18 2133 2134 46 170 97 2138 2139 34 2141 97 2143 2144 2145 29 2147 2148 1972 527 380 22 2153 6 269 299 126 30 2159 2 1710 204 6 433 37 2166 2167 660 406 37 2171 2172 37 2174 2175 935 18 2178 2179 278 2181 
2182 2183 2 61 18 2187 6 2189 97 2191 
97 1814 46 2195 2196 59 34 12 2200 18 97 660 14 15 16 17 
2208 232 6 179 37 428 90 61 
2216 2217 1290 399 180 37 327 34 428 106 22 2227 238 340 170 97 723 2233 2234 527 
1851 34 97 2239 230 126 1451 69 63 97 2246 6 670 22 
104 2 715 269 2254 42 32 400 401 2 61 2261 
32 170 2264 2265 508 2 715 22 161 527 90 3 
2274 4 2276 401 124 2279 1193 2281 2282 34 2284 2285 1068 698 2288 18 2290 29 102 170 2294 
331 39 458 623 2299 59 34 269 2303 2304 18 2306 6 17 265 505 2311 140 22 1045 1148 265 269 1800 2319 458 2321 163 6 269 2325 
332 106 37 1453 400 2 1206 6 443 170 2336 
627 140 505 42 239 17 18 1470 2345 2346 1148 2348 2349 22 2351 10 
45 158 79 
399 37 2358 5 97 2361 77 97 2364 
79 374 22 
29 30 31 29 2372 207 973 2375 1226 180 2020 170 2380 2381 166 269 2384 
2 14 204 2388 
10 46 963 248 88 265 2395 
129 63 527 180 204 6 129 866 2 2405 6 179 2408 400 2 1206 
2412 406 97 2415 2416 290 2418 166 12 2421 2422 2423 2424 6 2426 97 2428 2429 2430 77 2 46 2434 97 1049 6 852 2439 2440 320 2442 2443 265 12 2446 119 129 401 1710 2451 
265 107 2 69 2 656 345 2459 363 170 265 2463 299 660 104 97 2468 79 77 692 180 2473 97 2475 2416 2477 406 97 2062 119 2482 2483 2484 
2 2486 592 170 12 192 18 1461 406 2494 
34 107 97 2498 2499 2500 
62 1302 564 2 2505 22 12 149 34 2510 53 37 2513 77 399 627 37 2518 34 2520 170 158 
401 1710 2525 2526 
39 32 1510 2530 1470 2345 345 1043 
2535 22 1765 167 2539 18 458 247 37 2544 
2545 17 37 2548 331 18 2551 17 53 269 287 
275 10 352 37 2560 
2561 2562 88 39 279 40 2567 2568 18 62 1766 1748 34 97 2575 170 2577 6 69 77 458 345 2345 1148 406 97 299 2381 2 2590 6 433 12 2594 199 895 2597 22 15 6 97 2364 
2603 6 2605 37 543 2608 
0 400 2 61 18 2614 2615 2616 6 338 166 406 
39 97 2623 127 822 265 17 1283 2345 338 15 6 12 284 18 433 77 633 127 2640 140 895 983 204 97 2646 34 2046 2649 
2650 2 2652 692 623 2655 17 167 2658 34 332 2 57 58 37 2665 34 37 327 34 1551 
