527 97 2673 77 2675 29 17 593 97 2680 63 107 97 2684 2685 34 37 873 124 1226 22 170 97 2694 
2274 2696 2 2698 1918 406 37 2702 715 265 12 270 51 717 2709 170 2711 406 37 2113 170 97 2717 
129 79 97 2721 97 2673 2724 170 279 2727 34 2729 2730 
129 166 2733 1290 6 22 62 180 2739 265 22 388 1396 1318 
116 179 22 180 2739 2750 72 
170 2046 1817 
170 852 2439 
527 2217 2694 627 37 1896 2764 6 345 170 88 39 158 46 40 181 34 37 2776 170 2395 
279 37 226 963 2783 6 2785 251 2 61 104 163 1259 204 18 2 380 2796 2 57 338 1408 406 158 
170 2804 2 69 2 114 338 1408 406 158 
465 46 207 34 209 2818 211 58 37 2822 2823 109 219 37 2827 
163 1259 204 97 2673 331 37 2835 2836 2837 2838 
163 1368 15 22 2843 
22 433 527 62 180 1435 6 269 126 
2853 2854 320 2856 105 129 1368 15 
29 97 98 99 
2 91 59 97 2869 18 1637 77 12 2874 2875 2876 593 2878 2879 354 2881 34 158 238 97 2886 
2887 1382 290 17 107 106 158 
22 1368 6 97 98 63 963 248 6 1453 202 204 106 2907 2908 2822 2910 374 22 63 2914 6 2916 2917 202 204 1435 2921 18 609 2924 59 
331 2 461 32 592 170 620 621 18 2935 12 2937 
97 2673 2940 170 37 2943 211 1512 179 180 37 2949 119 37 2952 34 2954 2955 
2 2957 97 299 2673 34 2962 53 2964 29 2966 772 97 2969 2970 2971 34 2285 1068 
251 2 2977 623 1035 1443 37 2982 34 2984 
4 997 2 2988 22 204 104 633 179 180 2995 
2 623 114 338 1408 406 158 
256 2785 199 2 433 22 
1470 2345 18 97 3013 34 97 3016 941 12 3019 3020 
199 2 1085 238 12 13 46 3028 406 37 3031 170 330 3034 211 46 3037 698 3039 
3040 527 25 3043 
1470 2345 618 6 269 284 3050 18 627 338 3054 204 3056 3057 888 170 3060 
22 1765 232 37 48 
2 3067 12 3069 18 3071 170 77 3074 3075 3076 211 3078 17 2 3081 166 37 3084 3057 3086 265 97 3089 
1 2 662 
2 380 247 6 670 22 77 4 167 3102 3103 
331 77 2208 232 97 3109 1148 2 3112 1470 670 17 129 22 1510 2796 34 17 18 251 
3124 
1068 3126 3127 2174 
2 439 3131 265 3133 3134 363 25 61 
199 25 46 29 3142 3143 1451 1514 330 3147 265 1555 104 627 265 946 
465 439 46 37 575 170 3160 204 6 18 3164 3165 77 25 535 3169 97 3171 265 
199 25 3057 3176 252 158 46 37 3181 3182 6 330 3185 
25 63 275 126 
37 184 3192 3193 265 107 77 158 3198 345 3200 170 3202 34 810 2 26 
18 331 129 588 22 2796 34 17 25 1145 37 946 3219 34 330 1453 18 2486 3225 
32 3227 3228 18 3230 527 3232 3233 18 3235 25 1434 18 22 69 158 
39 22 1509 42 3246 298 3248 2 380 69 
399 163 106 22 3256 374 22 2440 17 698 12 3263 2 3265 6 3267 363 18 609 2 3272 22 204 
399 275 214 3278 170 22 527 279 627 2783 6 219 22 104 22 439 161 3292 3293 186 
129 22 677 79 3299 166 97 3302 2 398 
104 370 161 166 97 675 2 535 1357 3176 252 97 2605 6 37 3320 3321 
77 3323 3324 3325 406 97 3328 3329 3330 18 97 3228 982 3335 3336 17 15 
90 1226 40 1396 3343 170 97 578 18 107 34 303 3351 406 2 
374 97 1013 3357 3358 1470 179 952 170 3363 104 269 3366 18 3368 896 6 624 3372 406 3374 37 3376 
1 3378 
22 3380 77 90 3383 1226 158 25 61 
105 332 2 46 1013 3393 6 420 3396 97 3398 476 
2 46 3402 53 37 87 18 90 3408 12 2057 18 290 17 2 46 165 184 3418 
18 3420 97 2665 34 37 2548 6 17 2 2652 
1307 25 1206 374 37 3435 
129 588 22 1510 2796 34 17 2 2796 1 77 32 3448 3449 18 3451 
107 1396 127 12 3456 104 895 127 3460 22 6 58 37 2982 34 2984 
3468 1226 91 6 3472 3473 79 3475 265 30 3478 34 3480 700 289 22 624 303 1435 106 3488 34 107 269 3492 
22 247 129 2239 888 3498 37 1213 
39 10 79 37 3505 265 3507 97 2605 79 275 25 3513 3514 
3515 158 2 3518 
4 3520 22 97 2520 627 1443 37 3527 29 22 
1451 57 428 261 2159 106 22 170 97 642 
170 97 3542 2 2796 256 3546 170 
4 184 1374 37 1394 1353 18 62 63 37 3558 1147 
25 3561 17 37 3564 23 
338 166 204 527 25 61 
256 3078 3574 633 3372 
458 247 269 3580 265 97 642 39 2 69 251 252 
3589 806 3591 18 97 3594 34 3596 3597 2 1637 129 46 865 97 3604 3605 37 3607 3608 34 3610 34 3612 18 3614 1024 3164 207 3618 18 107 97 3622 265 1443 1370 53 3627 53 3460 167 853 
2 46 3634 170 97 642 806 37 2057 166 12 1465 
158 46 3646 
1470 2345 624 204 18 3078 166 269 3655 18 3657 3658 25 26 3661 
3662 
252 79 3665 18 3124 
252 79 1435 406 3124 
1068 170 330 982 
3677 3678 256 677 3681 433 45 25 1434 
3686 15 3688 2 3690 
25 3692 166 97 3695 34 97 3698 18 1710 29 17 3703 
698 331 166 3688 2 662 633 127 5 6 345 24 238 45 
2 241 3720 6 129 79 792 1477 32 299 1748 6 69 129 32 139 18 42 866 2 
39 22 896 6 9 166 18 1510 239 17 1408 37 2783 947 256 3753 269 3755 
39 1470 871 3759 2 535 3762 3763 1835 22 3766 3767 3755 170 3770 18 22 57 3774 59 
104 2 114 345 3780 106 22 18 269 3785 199 2 179 37 3790 3791 6 3793 204 45 
547 22 338 119 9 97 1228 715 265 37 3089 609 3808 3809 330 3811 18 603 17 97 1013 3817 3818 2 63 3821 388 12 3824 698 97 3827 
256 9 1115 
1068 25 61 
18 2614 37 1091 2 1087 265 22 
2345 1453 158 140 22 433 97 3849 
3850 18 2 3853 158 18 158 3857 279 3859 547 3861 17 
331 256 338 18 3267 3662 
252 39 458 3872 17 12 3875 18 0 3662 
252 46 3881 406 3883 3884 204 18 15 12 3889 
90 1710 2174 2159 3894 508 97 1147 140 18 212 6 345 170 3904 3905 3906 
2 3908 29 97 3911 3912 12 3914 320 3916 3657 3658 18 3920 12 606 3923 6 3925 420 3927 59 34 97 81 265 189 413 3935 12 3937 
433 45 1068 90 61 3943 
161 503 431 34 97 578 2 3951 
633 114 338 166 219 10 
2 46 204 107 724 406 251 
32 627 3967 29 107 1307 22 69 299 660 
2 14 15 170 97 1329 34 97 3983 1979 18 1710 204 29 3989 3990 211 603 17 37 3995 2325 34 3998 170 4000 406 97 4003 4004 
4005 627 4007 4008 3176 2 61 
4012 22 623 4015 4016 129 22 2796 1451 3198 588 
830 3292 17 18 224 627 4029 22 252 4032 4033 
22 4029 251 18 25 3292 22 
1851 34 4043 3112 37 4046 
4047 158 107 527 161 4052 
3574 633 4055 22 69 18 1451 1512 623 53 1307 990 303 
1451 517 77 97 2907 34 4043 3198 588 53 1451 4077 18 275 2783 3785 
2 877 
3176 2 61 
129 22 677 46 4091 53 34 141 4095 104 39 3574 633 57 4055 895 57 4104 4105 
4106 22 18 12 13 4111 6 588 79 269 270 4117 104 4 4120 39 2 4123 6 4125 330 6 4128 12 1213 53 37 1817 34 4135 18 4 4120 39 256 362 330 4143 97 675 34 4147 
42 3037 53 251 79 4153 630 119 627 25 79 170 4029 406 17 4 275 4165 170 4029 406 330 18 4 4120 39 256 4175 4176 6 4178 97 3785 34 37 3133 4184 124 4186 97 3171 265 521 170 4192 204 6 18 3164 4197 4198 
2 114 4125 22 6 428 77 11 106 12 13 1068 
279 4212 4213 4214 18 4216 1451 503 69 77 4221 127 97 11 305 4226 58 303 18 952 57 345 2408 106 158 
45 179 37 1453 2 4241 
10 79 107 3396 97 4247 34 37 4250 
4 627 4253 406 22 
4 4257 22 
2 380 4029 251 18 2 380 4266 2 1302 4269 
39 22 3112 6 4274 59 34 269 4278 105 269 4117 
18 279 4284 963 1302 388 77 724 29 97 396 2179 4294 90 61 
380 3380 77 2 1604 22 252 2 3 
53 37 4308 660 22 179 4312 1766 3037 2264 508 77 
22 114 4320 17 265 4323 34 4325 1477 107 620 621 79 4331 34 4333 4226 18 1477 158 535 239 269 3330 
265 97 554 4 4346 6 2306 6 521 53 37 11 59 34 10 4357 
90 4359 170 1193 754 3881 
97 2907 34 4043 547 179 6 428 158 593 90 61 53 1080 53 2 179 77 1453 22 4384 17 
3850 2 517 
97 1024 127 170 4393 982 
4395 22 69 97 11 2345 508 2 588 
256 976 269 4407 
830 46 4410 204 170 37 4414 4415 3698 4417 37 4419 34 4421 4422 4423 
2 4425 63 947 6 4429 77 25 46 4433 37 871 4436 724 3658 199 2 1085 6 4443 97 4445 170 97 4214 34 505 4451 3766 34 4454 4455 18 4457 
331 527 25 2977 
2217 107 10 4465 2 1604 37 4469 4470 34 4472 4473 29 12 4476 4477 18 1709 4480 12 713 698 97 4485 
251 2 3 399 952 2694 
952 29 107 
158 46 623 77 141 2 4501 77 2 1700 338 1408 406 158 
2 380 4511 6 345 4514 104 2 241 338 170 265 4521 29 12 699 
279 4526 
129 3124 
3849 4530 4531 4532 170 4534 
40 10 251 
4106 2 179 180 170 97 792 4 5 6 7 6 345 24 170 97 4554 
2 69 279 2783 166 22 104 97 4184 176 219 4566 4567 6 97 4570 
952 6 129 37 4575 34 4577 4578 1004 345 6 22 527 2696 
380 3380 2 179 269 3202 
331 161 4593 4594 2 26 
332 248 527 12 13 4602 
279 4604 34 72 279 4604 2 517 18 465 127 4614 199 279 4617 6 1835 508 6 4622 
10 79 627 207 34 303 
251 4 627 4632 170 4634 592 209 3202 
4638 303 265 37 4642 1147 
4 5 6 4647 406 269 3492 
332 106 158 3176 22 4656 3124 
252 46 5 2178 4662 170 97 4665 
588 22 2796 77 22 57 134 37 4674 4675 17 18 12 3492 275 12 13 1226 3383 2408 77 265 17 
90 3292 330 18 90 4694 17 77 25 3292 420 
62 290 420 77 502 4705 6 37 4046 104 2 241 179 12 81 4715 265 30 4718 18 241 179 4221 4147 106 830 
895 57 58 204 305 4731 129 895 896 6 588 106 158 
22 161 162 3665 1068 97 3324 1709 4747 77 22 1004 2306 6 30 4754 4755 
1590 2217 269 4759 2 896 59 61 3662 
252 
4766 17 97 4769 34 37 506 4773 4774 1004 4776 1844 256 624 170 37 4782 18 1045 37 931 29 97 4789 4308 4791 
4792 180 374 17 265 37 1172 34 506 
2408 2 61 18 39 22 219 256 179 97 122 4812 158 59 6 251 370 32 1219 42 25 241 4128 158 204 963 4827 
129 106 17 1206 12 13 
2 715 3176 61 90 4839 17 
2217 269 4759 2 1206 
830 4847 18 97 1465 4851 34 330 3658 4855 4856 
388 3468 4859 6 896 17 25 4864 4 5 6 618 238 18 433 97 4873 
2 535 3142 97 4878 34 527 1068 4882 6 4407 37 659 217 265 107 97 4891 170 97 4308 4791 
17 963 4898 59 3124 
252 
399 163 4904 2451 5 166 45 18 4 5 6 9 596 2 2321 107 97 4919 
465 46 37 4923 29 97 982 985 18 4929 4930 4931 817 4933 1795 4935 4936 166 37 4939 4940 4941 
2 715 22 1004 871 179 269 4935 978 406 97 4953 4954 25 26 4957 170 37 3037 963 4962 4963 3335 
4935 79 2739 265 3662 
18 3124 
252 170 97 1879 25 2652 
18 53 25 4981 593 97 4984 18 1434 6 4988 59 97 4935 633 97 1228 63 97 4997 6 2545 17 37 5002 
