37 4904 5005 5006 5007 97 985 34 5011 5012 406 37 5015 34 97 5018 77 46 5021 166 620 621 
2182 279 22 25 26 3661 
5031 2 670 3124 
1068 22 127 45 18 2216 627 2 1206 
25 1710 29 17 5048 
2216 627 1170 25 178 179 5055 6 5057 167 758 10 642 
105 2216 
116 5031 2 5067 12 1940 18 1942 3688 2 1206 5075 2921 29 330 75 
3329 5081 161 5083 3688 53 5086 53 627 
97 75 79 4929 1115 
1068 25 3 18 4269 627 5100 6 5102 97 53 1307 22 69 25 5109 
698 331 166 4929 22 5031 345 3688 42 3037 53 2 866 4153 
18 116 3688 5031 2 5129 12 1940 18 1942 170 97 3889 1170 34 72 
413 256 4766 37 2057 
692 180 5147 5148 
97 1228 5151 1891 5153 6 17 170 302 17 1148 406 12 633 18 158 46 40 806 37 5169 1099 34 547 77 2 5175 698 5177 77 5179 5018 97 5182 158 42 5185 5186 
10 11 1115 
1068 25 61 5193 42 2 5196 330 406 37 5200 5201 211 5203 97 5205 5206 439 57 670 199 22 547 247 37 1191 5216 5217 18 158 46 973 77 527 97 87 63 180 5228 406 330 3293 5232 39 627 330 4325 
77 33 34 575 178 1035 39 2 46 5 6 624 5249 170 12 365 1408 97 5255 
963 5257 37 673 170 97 5262 18 5264 34 2285 1068 5268 1512 5270 5271 
30 2037 5274 3688 2 1206 
952 1170 
97 5281 5282 6 677 77 84 63 839 37 5290 5291 18 1612 413 1213 341 
2 63 303 5300 149 6 97 99 6 670 22 
18 3124 
1068 53 2 61 5314 6 5057 330 758 
2 1710 29 330 
10 46 37 5326 
2 5328 3142 158 
18 97 3324 244 443 3372 2 1206 
420 2 3198 677 627 3124 
1068 3081 1891 5348 355 374 1336 18 5353 3662 
252 6 413 593 
5359 406 330 331 978 5177 330 167 5367 
25 5369 330 713 5372 170 97 5375 34 97 5378 2358 
1842 37 543 2311 2349 2 1994 12 5388 18 624 12 5392 3688 2 61 18 609 670 3124 
1068 5401 5402 39 22 69 129 2 2843 77 2 179 2187 18 866 2739 170 12 2 5419 5420 29 97 5423 
170 269 3889 1170 25 517 
97 75 79 4929 
97 3889 46 207 34 209 633 2 179 439 5444 4395 1477 2 439 3265 6 
465 46 37 5454 5455 593 211 97 5459 935 34 37 4421 5464 5465 406 2907 5468 5469 37 5471 170 37 5474 5475 3408 817 1307 5479 5480 
97 5482 161 5484 406 5486 204 6 37 5490 170 5492 406 5494 5495 18 5497 5498 5499 5500 5501 5502 5503 5504 5505 5506 18 5508 5509 5510 5511 5512 18 5514 5515 
166 97 4984 16 37 5521 18 5523 5524 46 37 5527 5528 34 5530 5531 
5532 97 5534 97 5482 161 5538 406 3610 34 3612 3612 5544 3612 5546 3612 5548 3612 5550 18 3612 5553 1858 
158 46 53 89 957 5560 119 2594 63 5564 420 22 114 338 2694 166 3612 299 5573 5574 90 63 1219 1480 
170 207 1329 34 97 3889 12 5586 737 3034 5589 37 4421 5592 195 406 5595 5596 5597 18 5599 
5600 5601 46 5196 806 97 5606 34 37 184 498 5611 
6 12 5614 97 5523 5617 5618 40 5620 5621 5622 5623 5624 5625 2 866 37 5629 265 5631 
223 30 5523 79 2345 508 275 5523 
37 1394 5642 238 97 5455 5646 97 5648 211 1085 166 167 5653 810 5655 5656 6 5658 167 5660 5661 5662 2658 34 5665 5666 
97 2822 5669 46 184 5672 170 97 340 18 1151 5678 5679 5680 2 63 5683 15 5401 5686 166 97 5689 3983 5691 170 5693 34 10 5696 5697 199 2 46 4747 806 167 2729 5705 2673 
2 677 1068 5710 97 2673 
2 715 1451 63 517 6 345 4052 106 10 575 
2 5725 12 935 6 433 37 2166 5005 5733 1394 660 406 37 5738 1394 5740 5741 5742 18 37 5745 5746 34 5748 5749 29 17 698 97 5754 
3662 
252 2 5758 2 26 
2274 527 1259 37 1896 104 5767 5768 2673 698 4594 1075 97 3324 18 2 963 1004 219 6 69 129 10 5784 
79 77 22 1 2 3908 
34 72 279 17 124 5796 4269 22 5799 207 34 209 5803 2288 698 269 284 5808 5809 97 3324 5812 
129 106 251 129 179 22 2408 406 330 10 5823 5824 715 
97 3069 34 1347 46 37 354 2539 265 67 
6 5837 588 22 3720 2 1206 5843 37 3995 5846 772 12 2673 
6 251 12 13 90 3513 
1451 5857 46 5859 4675 97 2907 34 4043 2 1461 12 935 5869 
2 1765 1795 713 166 330 107 1147 2 61 
2 380 69 116 25 79 18 2 5888 6 345 3408 5892 265 330 170 30 5897 
5898 269 348 627 1808 
2216 22 97 3324 2279 3225 5909 17 406 1193 3883 1394 5915 
1842 37 5918 3176 97 2836 2673 3690 
362 17 520 10 830 1068 5930 3225 772 97 5423 18 2988 170 97 5939 5940 34 97 5653 5666 
670 17 527 25 1206 1226 521 1219 2694 12 13 46 37 5958 5959 1228 406 492 713 492 5965 5966 5967 170 97 5970 5971 18 37 753 5975 5976 
25 46 4433 163 5981 170 320 5984 406 37 5987 5988 5989 29 97 5992 34 37 5995 211 4241 37 5999 6000 6001 
2 6003 77 25 63 2729 713 37 6010 4530 18 37 6014 6015 
4 997 1 2 3 374 37 354 23 29 330 104 2 179 733 77 2 1611 1700 338 1408 406 158 
588 22 2843 6 677 3662 
252 1434 40 6 345 6050 806 830 
362 17 520 420 3176 25 6059 
1470 2345 338 
5359 1353 
256 6066 22 170 97 642 
107 355 39 22 677 42 2696 97 3324 6080 
18 345 629 6 5300 17 37 2548 265 10 1357 2 2652 
6094 6095 18 6097 
18 380 413 592 6 12 81 3935 12 6107 3937 
3662 
252 6111 37 6113 6114 18 6116 772 97 6119 34 97 6122 
12 13 6125 420 18 2 1612 2351 37 6132 34 6134 18 6136 6137 6138 420 166 1193 11 
2 63 6145 12 1347 18 6149 363 6151 140 12 13 6155 17 
179 37 1453 2 1206 
275 6163 22 25 3513 
6167 29 17 129 588 22 2796 330 1976 46 753 1748 6 6180 6181 
22 179 6184 355 6 345 77 2605 2 63 1637 806 6194 46 6196 
129 588 22 2843 25 1206 170 261 6205 
2274 0 2 547 179 37 1453 374 107 
22 433 527 374 1451 63 1479 158 107 593 97 2239 724 374 97 2179 6231 6232 18 4501 332 1451 3081 106 158 107 97 2907 34 4043 733 6 6247 106 633 
18 331 2 380 1160 4052 106 12 13 2 61 6261 330 37 6264 207 
330 713 6268 18 330 6271 46 6273 406 6275 
170 6277 34 330 6280 25 6282 6 97 2658 34 6287 6288 6289 265 330 6292 
2 244 2796 22 3131 37 6299 25 61 29 723 18 279 4904 1047 170 97 1147 6 58 37 673 331 
374 107 465 79 251 
77 46 97 5326 6 6326 97 6328 
6 2665 406 251 2 662 
1283 871 6337 406 22 53 269 1191 508 1370 406 6346 252 170 6349 4774 6351 
2 114 239 158 2 2652 6358 
25 2486 3225 18 6363 
22 179 180 5147 1765 22 25 26 
34 72 2 179 5274 170 340 2 6380 4501 129 37 6299 2982 1283 180 6 3925 3372 163 1510 1161 265 163 184 6397 
42 2 3853 
963 248 
18 97 2159 2 3853 97 2159 2 1241 77 2 46 355 18 77 158 46 45 116 2 6423 406 22 
39 22 380 896 17 6 9 256 338 593 6 97 1151 99 265 97 724 
256 88 6066 3176 252 265 6449 18 1193 6452 4 4120 39 256 338 2227 592 6 251 
5898 627 6464 6465 2 139 2 2652 6470 265 97 6473 34 97 4953 34 6478 
1307 25 61 374 37 946 3435 
6486 42 1087 6489 1470 2345 338 6 3698 45 18 1451 57 428 158 593 170 97 642 
107 34 4043 
2 1461 12 935 
2 380 896 6 6516 30 2159 6519 166 97 4015 34 2046 6525 4325 
39 22 896 77 5705 6532 32 4705 6 420 104 4 4120 39 256 345 37 354 6545 106 158 
39 22 6550 256 6552 22 37 4046 104 2 241 6559 6560 2138 6562 990 144 
25 1961 
1307 433 332 633 23 6 22 170 97 642 25 61 
331 46 97 947 6 4175 97 6586 6587 
2182 2274 2 61 
2 5203 1213 37 6596 265 22 
2 729 593 6 97 6604 170 97 1329 18 6609 97 6611 6612 698 12 6615 6616 
45 22 127 1 1068 2 61 406 107 12 230 4029 
230 79 355 104 25 6634 6635 29 97 6638 18 6640 6641 59 97 6644 5989 
2216 527 279 6649 25 1434 609 6653 166 17 330 713 6658 
79 10 37 6662 25 6664 
34 72 627 2217 97 2721 330 654 46 1480 
2182 952 527 
952 29 107 
279 623 77 22 3198 179 733 6 2505 6690 330 6692 5989 406 330 6696 170 4473 
433 303 6701 
42 105 97 1994 2 715 
2 3198 179 3908 465 1004 345 163 2694 406 97 6719 18 2 6722 363 265 627 189 1247 6 6729 59 97 4485 
380 22 433 129 2 2843 2 6740 119 178 2 6744 158 59 265 22 261 947 592 199 1451 161 6755 107 10 4052 6759 34 6761 18 653 2 3078 170 97 1055 29 6770 265 4333 2937 6596 
5274 199 2 6634 158 204 97 6782 6783 29 6785 909 269 6696 380 3351 406 6792 2 6380 1241 2 1700 338 6799 406 97 2822 351 
42 2 5203 97 5989 592 6 22 53 37 6814 39 22 896 158 
22 57 588 129 22 219 106 158 
279 4284 
22 433 1 2 2652 105 97 11 633 127 
4 6840 107 12 6843 
2182 25 61 
609 374 37 946 3435 25 2652 6854 2 380 2796 25 26 374 6151 3435 77 256 896 6 443 10 18 4 3037 963 6873 34 251 252 6 6878 330 
2 2796 256 623 1045 10 592 6 6770 18 624 163 5796 
42 2 63 6896 6897 
2614 163 5796 6 345 5 166 406 2 290 330 
2 232 10 265 22 4216 6915 6916 119 6918 2 6920 97 6922 6923 
2 715 158 1004 338 406 77 6931 18 269 5988 6935 22 223 896 6 6940 6941 6942 6943 
25 6945 6946 6947 698 6949 6 6949 219 37 6954 77 6956 37 6958 
279 354 25 877 
527 279 42 354 
2 875 
465 46 37 6972 29 97 985 
158 46 6978 
547 97 4953 345 6983 265 6985 3124 
1068 25 1206 
34 72 2 547 3688 2 61 
79 465 1748 6 5057 256 433 1170 25 3 170 37 3335 211 46 7012 167 7014 6 4043 503 
18 443 37 7021 7022 170 269 935 2 2652 
25 7029 158 592 6 17 
18 443 269 2200 6 2984 1170 25 61 53 25 711 97 985 
527 
158 46 4393 2057 7053 17 53 2 2279 204 
362 330 338 2 61 29 723 
279 12 3456 2 875 
2 1765 180 7074 18 2 4269 58 37 543 7081 
698 331 166 256 7 6 345 37 226 2159 7092 18 7094 
7095 909 2 179 2086 6 345 7102 34 104 952 7106 921 
2 3951 
42 588 2 12 13 1434 
39 22 
97 7119 7120 
25 6634 204 97 3016 18 7127 265 37 3089 7131 
2274 5359 45 25 61 2702 17 97 7140 
279 265 22 25 3043 
279 251 7148 698 852 2439 18 25 7154 5401 7156 
