1068 272 5623 476 7161 7162 7163 166 207 34 97 7168 7169 34 275 
276 277 278 
97 7176 161 7178 7179 170 492 809 18 7184 7185 170 37 5971 7189 6 7191 7192 300 34 3181 7196 77 97 7199 46 1043 18 7203 
97 1228 29 97 7208 489 1710 53 89 25 63 7215 406 2510 698 7219 170 97 7222 34 7224 18 223 63 7228 18 7230 25 46 7233 7234 170 330 7237 
2182 1115 
1068 25 7242 170 37 3774 7246 2673 399 37 7250 2739 6 433 22 170 97 7257 5423 37 1115 
1196 
5359 180 45 388 6349 1318 10 642 
5359 63 275 1336 2 7275 
25 1461 330 935 
2 7281 12 7022 
1451 114 179 2046 7257 7289 6 7291 57 1451 5300 59 265 37 99 7299 18 261 802 803 
2505 17 505 2311 6 1045 37 23 29 12 7314 18 609 5300 420 170 
199 97 7322 7323 5300 77 170 963 
2 3793 5314 
25 7332 330 7334 713 1075 330 7338 6 1361 77 25 5859 18 2 729 7347 15 6 97 7351 34 97 7354 6 116 37 1115 
1068 7360 29 17 7363 698 37 7366 985 
12 284 7370 204 6 12 7374 186 34 527 
158 46 167 7381 7382 34 97 7385 18 7387 7388 37 7390 34 7392 7393 18 7395 
465 161 5653 7399 37 7401 7402 170 37 7405 4940 7407 167 7409 7410 7411 406 7413 7208 7415 170 166 7418 18 7420 18 7422 18 7424 18 37 1510 354 7429 7430 7431 7432 7433 7434 7435 7436 29 7438 7439 81 406 37 7443 7444 6 2785 124 46 124 170 97 7452 
97 489 2 46 1120 6 7459 46 7461 832 265 167 5653 7466 211 290 17 77 158 46 7473 7474 
34 7476 7477 7478 18 37 7481 282 5521 5523 7485 18 7487 7488 170 7490 18 5696 7493 
37 7495 59 97 825 603 17 37 7502 4470 34 97 7506 34 7508 7509 
465 46 37 7513 7514 7515 166 97 3069 7519 34 97 489 211 7524 1115 
1196 7527 866 
1004 627 4015 351 
547 1842 
2 7536 207 34 97 5528 34 7542 7543 7444 97 3695 34 97 489 18 37 985 5007 6 7555 37 7557 7558 170 37 7561 7562 
2274 1115 
1068 7566 179 1115 
1196 3420 170 2 61 18 199 90 612 7578 269 7580 18 1045 37 7584 7585 34 2046 7588 7589 269 75 25 5725 330 7595 7596 
4 7598 2118 12 3263 5083 17 7604 503 34 7607 7608 6 22 184 1307 3142 7608 670 1115 
1196 256 433 420 331 
37 3089 7624 25 7626 7627 37 6587 170 330 7632 53 89 158 46 37 6337 7639 
629 22 896 6 433 10 25 1206 
97 6587 7524 1115 
37 
7653 
1196 7655 7656 
7657 7658 34 5601 7661 
7662 
2060 34 7665 7661 
7662 
7439 81 7670 7671 852 2439 7674 7675 
7676 
34 72 2 3 62 180 7683 420 265 261 947 
37 
7653 
1196 46 7692 104 627 7695 37 7697 7698 7699 18 7701 7702 660 34 106 7706 406 77 7709 7710 7711 6 7653 
7714 7715 211 563 7718 17 106 97 2364 
354 142 1115 
1196 2 61 7729 18 129 57 2 588 265 97 2364 
1196 1461 12 2057 1145 37 7744 7745 37 5523 18 6945 37 7751 7495 593 1193 1465 29 7757 7608 124 46 7761 7762 3372 29 37 7766 7767 
2182 105 12 7771 2 157 
2 563 179 330 1045 37 7585 34 7782 7783 170 10 284 
2 3951 97 7767 513 7792 22 1115 
1196 
39 279 107 355 406 22 279 107 355 406 17 90 61 7809 
2 715 4395 1470 871 179 10 7817 
627 170 97 2372 2 3 
3142 7608 79 97 7828 34 7830 18 2 57 7834 952 1451 1612 428 106 77 2 535 896 330 6 2351 
97 2375 1710 53 89 90 46 7854 593 630 90 343 6 1357 2711 265 7863 
895 1018 7866 420 10 207 170 97 2364 
7873 34 7875 7876 7877 18 7879 
806 97 11 1115 
1196 2 2652 2 623 1618 53 2 1259 170 77 692 180 2739 265 17 388 6349 10 642 
279 374 1396 331 42 2 1145 97 7912 34 6138 59 265 37 7299 18 261 803 265 22 
2 715 22 1512 219 37 93 34 1336 370 22 127 1435 406 17 
97 7655 7656 1710 53 7944 53 89 90 63 1637 7950 7951 166 97 7954 104 90 1959 7958 
45 158 79 331 2 26 53 465 46 37 6972 166 97 985 18 37 7975 5573 7977 167 7979 7980 34 7982 7983 18 803 170 5693 34 1115 
1196 
331 22 338 355 6799 18 5057 269 1336 2 3518 
8002 17 265 30 8006 170 12 8009 18 22 5031 179 158 
18 34 72 256 179 3142 7608 5300 37 1305 8025 34 2046 428 6 22 29 2364 
2603 806 8035 7314 
1013 34 107 39 22 380 231 1004 22 1361 17 269 2483 8050 18 362 3142 7608 1045 15 97 8058 18 42 166 
279 563 8064 6 3078 3574 633 170 97 7585 352 158 97 2375 8076 18 6920 37 8080 2568 6587 1305 406 7951 8058 7950 1623 18 37 8091 211 1004 179 8095 1193 8097 8098 166 5271 34 8102 
2 7834 1115 
1196 2 26 77 692 63 2086 34 947 170 97 723 505 2234 6 8121 1936 34 12 8125 106 4106 158 79 22 2796 895 1512 69 106 12 351 
90 1710 204 856 8142 
2 1206 37 543 2608 90 398 
10 79 623 167 8154 8155 
952 265 8158 8159 8160 
2 244 219 77 723 149 
588 22 2796 2 343 6 1357 12 2544 170 140 2 8179 406 2046 428 2 1206 
2 8186 269 8188 6 8158 8159 8192 
42 3037 2 380 88 69 129 22 3112 6 433 17 106 18 22 179 623 839 37 8212 8213 170 5693 34 37 8218 8219 
79 77 97 11 7653 
7714 7715 8227 1193 8229 8230 413 166 1196 4005 624 166 406 158 2 4747 
4 37 8243 660 18 692 5021 505 2234 34 97 947 12 8254 239 6 1835 265 623 2739 6 1045 2159 34 12 947 
90 6609 37 320 3983 7580 59 34 1193 6616 18 8278 158 
97 7658 46 1206 6 8285 22 1115 
1068 166 8290 34 6151 8293 8294 
211 8296 8297 8298 
97 8300 
275 1170 158 46 1851 34 209 
4 627 29 7912 6 670 22 211 207 
2 866 1611 8320 6 8002 22 129 22 69 106 8328 
1486 18 8331 8332 170 97 8335 172 
2 2486 592 18 176 
331 2 624 158 2 61 
105 8349 
18 77 8352 8353 200 201 4882 6 6915 97 396 170 97 8363 34 852 2439 
158 107 8369 592 6 37 186 2 63 370 2 46 8379 29 97 98 99 1142 142 
163 106 97 8328 
1486 165 8392 204 1148 97 3827 
201 46 465 199 2 202 204 18 2 1964 37 543 8409 106 12 186 140 2 46 8416 8417 39 22 69 129 2 2843 
105 107 465 79 6 158 1115 
1196 
97 7655 7656 839 37 8058 34 8439 170 1193 7580 
6163 22 184 248 1115 
1068 90 61 
275 2107 458 345 110 6 2785 633 39 12 8461 886 6 1357 22 170 
2 380 2796 12 8461 8472 170 210 
627 77 65 34 186 
627 170 2577 
2 176 5148 
4 8487 2 114 239 77 
42 3037 53 2 866 4153 97 2364 
57 4266 170 12 186 119 618 158 170 97 8510 
1196 8512 
279 627 1583 7761 406 8349 
119 2239 8521 8522 90 61 
895 439 670 4043 521 
97 484 406 269 186 4859 6 345 77 97 7432 8541 352 2405 6 69 77 97 8328 
1486 79 170 8552 18 77 97 737 2060 1226 63 275 149 698 330 388 723 8566 
380 362 77 514 22 2 61 
39 25 46 5249 54 97 8580 8581 443 7411 8584 8585 1148 8587 
2182 1196 26 
8349 
244 677 521 106 8587 
6163 22 1115 
1068 
1307 345 170 8604 406 22 1148 18 166 
90 3808 184 8613 1461 2200 5148 329 17 265 97 7322 1959 6 3142 7608 18 839 37 2178 8630 37 8632 
1193 8634 8635 3372 15 97 7354 
3142 7608 8642 596 90 46 59 34 8648 609 1085 6 17 
22 7095 4120 2982 25 61 8659 
22 63 420 8663 596 22 1479 106 8587 
2216 4269 22 7555 521 2 1710 204 29 330 5689 1896 990 
42 692 839 37 8686 59 34 17 
2 8691 22 204 18 15 
2306 527 97 2364 
179 180 107 593 97 8705 388 1813 141 
1451 161 8711 627 6 8714 37 149 6 22 
465 46 167 7656 2739 6 8725 17 199 2 232 1213 723 724 
2 290 420 1470 180 8738 97 8740 406 17 
22 290 420 2 46 2388 
629 2216 627 90 8753 4632 170 12 5264 
2 290 420 106 2046 1817 204 170 97 8767 18 603 22 37 1305 2539 698 8775 5153 34 351 596 1142 4095 
18 331 22 179 6 58 219 37 8790 406 97 8793 170 97 172 
677 129 79 158 692 2405 6 179 8805 8806 4120 39 2 69 3142 7608 
105 181 34 97 484 
2346 1148 77 3142 7608 8823 
77 46 6 8827 22 265 5177 17 97 8833 199 22 1259 170 
4 269 7757 18 97 8843 711 42 1470 2345 1994 97 8850 8851 406 17 18 256 8856 22 37 8859 6985 29 2046 1817 
10 46 963 8867 8868 265 8870 42 2 1145 97 8875 
2434 12 1940 18 1942 2 290 97 8884 8885 77 1283 345 592 170 97 642 
2 8642 265 7757 29 97 4451 34 97 8902 18 6125 330 4407 772 97 1819 6949 8850 18 204 6 97 8916 278 8918 166 6 2046 1817 
158 46 184 8926 299 8928 5693 8930 772 4421 8933 
465 46 275 1912 18 167 7487 8941 8942 30 8944 1590 166 97 8948 18 8950 34 97 8953 
97 8955 5693 63 180 839 772 37 1896 1394 8964 8965 3604 982 8968 627 8970 2 8972 406 37 8975 8976 18 7422 18 167 5528 34 3612 211 5646 97 4091 1068 8604 
465 46 37 4421 8994 5423 53 1307 18 37 9000 406 37 9003 5528 34 9006 170 97 9009 18 37 4754 1719 34 9015 
7757 1145 1148 330 1940 18 1942 9023 17 37 354 6264 1453 18 609 6116 772 97 9034 
374 37 354 2881 34 9040 18 9042 25 7626 9045 170 9047 4422 3655 
465 25 61 331 2 1160 2345 
2 1961 29 330 
2614 6 7757 2 61 
9066 6 7757 25 3 
332 106 527 692 563 180 9077 6 17 18 22 69 158 
2 380 9086 39 32 37 9090 119 37 9093 
22 57 563 413 6 17 30 947 32 170 484 18 256 9107 22 204 
331 32 170 484 406 97 9116 42 332 106 17 302 22 9123 32 37 354 9127 2 61 9130 265 7757 46 9134 207 34 9137 270 9139 9140 
97 2520 79 4 170 107 9147 34 37 9150 
22 433 2 114 109 6 112 129 62 180 139 140 723 1142 
279 33 34 219 9169 34 9171 40 2264 
10 2364 
575 79 40 207 34 12 9182 
25 1710 29 17 9187 
42 22 380 112 116 22 161 140 1142 25 1206 
25 9200 9201 97 5423 2486 15 18 603 17 37 9210 987 
547 77 239 22 112 158 46 219 2 290 77 9223 
22 18 17 161 355 45 170 10 1817 593 9234 18 380 3380 158 
2 877 
2 4077 7757 89 25 46 53 9248 18 9250 6 6562 9253 18 9255 
3850 2 61 
2 241 3380 158 
9263 25 517 
331 77 2208 232 77 5683 4012 22 670 17 116 97 2665 22 1510 161 593 97 8740 
22 2988 17 204 8775 724 18 9292 97 1013 947 62 1795 713 166 22 388 22 941 97 284 8775 642 
5573 22 656 179 261 9313 6 588 6 97 2364 
104 279 952 6 129 22 232 6 2785 6 9329 
