199 97 1418 9333 8328 
1486 46 9337 9338 3396 1305 7411 8584 4594 54 97 9346 9347 166 97 3181 9351 72 2121 34 97 9356 9357 
158 46 3480 97 5378 119 97 9365 34 7476 7478 9369 166 630 97 1486 97 9375 5940 169 6 345 2652 6 2068 8331 9384 170 97 172 63 1964 97 9391 9392 
2 46 170 97 169 170 2804 170 97 9402 199 97 9405 9406 18 2 866 97 40 3478 124 57 670 332 18 2216 97 1486 6116 3935 37 6729 170 97 9427 9428 9429 34 9431 
2 63 180 9435 806 737 8541 9439 6 9441 18 9443 166 9445 9446 3923 6 9449 204 97 2071 8331 9454 29 8587 170 8580 406 97 9461 9462 9463 9464 1418 
12 75 806 97 11 79 1643 1645 9474 9475 
2 63 180 9479 9480 374 9482 9483 53 37 9486 34 12 9489 9490 9491 166 97 726 9495 
9496 6 9498 9499 806 9501 97 9503 
2 46 37 2281 9508 18 37 6107 1191 34 1643 9515 42 2 63 275 484 406 737 8521 170 4593 37 740 8552 170 97 748 34 9533 
9534 439 290 303 77 2 63 9541 265 2118 9544 42 2 46 439 9549 6 97 1097 9553 806 211 97 737 9558 279 9560 9561 34 9563 9564 18 7751 9567 
42 2 63 37 9572 9573 806 97 1097 282 34 9579 18 9581 211 704 37 354 2078 
158 46 166 97 1013 724 170 2071 9428 374 1451 63 9599 97 9601 34 97 8331 9605 8918 29 9431 77 9610 9611 1206 17 6 9615 420 6 97 9402 
90 61 77 1193 9624 161 6 58 9628 9629 34 97 9632 34 97 9464 1418 53 1080 53 1451 161 3774 34 97 3827 
9646 90 2 18 9650 1186 9652 9653 9654 9655 
161 97 40 4221 9660 124 1241 97 214 9665 34 9445 9668 
97 1492 63 180 9673 9674 9675 9676 77 1451 161 9680 170 37 9683 166 9685 
97 9464 1418 9611 290 17 63 180 9463 806 97 737 9698 6 2239 9701 9702 1677 9704 806 97 4789 406 9709 
97 9464 1418 9713 9714 9715 166 37 871 7246 18 9721 3086 806 148 9725 104 46 9728 9729 9730 6 9732 37 2822 313 
90 9737 6 1361 17 97 1418 549 42 77 2 1612 9748 279 3905 9751 18 6 9754 17 166 97 9632 34 279 9761 9762 6 97 737 9766 29 2711 37 9770 9443 166 97 2822 675 34 9714 9778 
90 63 7081 9782 806 9652 9654 6 7555 4043 6 97 9402 18 9737 374 9795 77 1451 338 6 9800 1193 9802 
158 46 9805 53 6094 9808 166 97 9811 406 9813 3460 170 698 97 9818 53 97 9821 9822 698 9824 9825 97 9827 9605 34 97 9831 9832 
465 46 37 9836 9837 18 97 1486 46 9842 18 9844 53 25 9847 9848 8587 29 37 9852 9853 9854 
22 69 1645 61 9611 53 97 9862 9863 1145 2046 7081 18 398 4043 6 97 9402 2 380 219 10 65 34 575 
22 2843 10 396 2 1206 9886 9887 97 11 97 5653 5940 9893 166 1193 2175 935 
2 2843 10 9464 1418 90 3 
2 63 5401 6 588 406 9911 158 18 331 170 37 1172 34 544 207 34 3574 297 9924 8331 9926 29 97 4357 547 1045 1148 406 158 18 9936 158 166 8587 698 167 9942 34 9944 9945 
97 9947 79 1795 6 118 29 167 9942 34 9956 9945 18 609 817 119 1396 4774 9964 9965 547 9967 6 9969 
97 9971 9972 9964 2 3043 9976 97 737 
9611 1710 29 17 170 37 9985 9986 11 
6163 22 1186 90 61 
22 179 5683 12 3791 
2 46 170 2107 53 6 630 6 1305 10 9445 170 97 75 34 148 8155 104 331 2 433 2 179 275 10022 
433 10 90 2724 
10 46 37 10030 10031 10032 34 7490 106 97 10037 34 37 10040 10041 166 37 5595 10045 10046 
39 2 1045 10 6943 1645 9611 26 18 10056 158 59 97 1418 547 10062 10063 505 10065 119 29 9956 9945 9942 10071 10072 4165 
97 505 10065 79 6 2505 97 10081 37 10083 34 10085 170 7485 34 10089 10090 29 7246 9942 
5268 10095 158 698 9944 9945 5784 77 97 505 10065 10105 140 97 1418 10109 97 10111 29 211 158 1918 10116 
22 58 17 10120 9610 2 174 
114 22 2785 3935 10128 158 39 158 9333 331 10134 2233 9945 5216 97 10139 9611 2724 158 1004 10144 167 10146 10147 211 1612 10150 2066 29 10153 18 1004 10156 166 97 10159 29 10161 10162 
256 1045 269 149 265 158 2 61 
42 10172 9611 39 97 1418 161 6 338 1148 331 275 207 1612 69 129 63 1290 6 97 1486 18 97 10194 2 69 97 10198 4111 77 9464 10202 161 10204 963 10206 6 4128 
18 42 97 9964 10213 1512 345 10216 37 543 2159 506 34 217 
1035 158 2 3690 10227 3225 18 10230 265 1193 10233 
104 158 46 963 1047 
9611 603 37 10242 10056 166 97 6943 
158 1259 10249 18 37 3995 10253 841 46 564 5532 97 10259 34 97 10262 18 97 10265 34 97 10268 760 9650 10271 
22 2 1434 
609 2 2279 10278 10279 
921 921 921 921 921 465 46 37 2057 166 12 1465 18 37 2673 77 9558 162 10298 59 34 158 2 5007 10304 713 6 433 37 10309 10310 170 10312 10313 593 17 
12 935 10318 12 4530 10321 10322 18 10324 18 2 3081 10328 2065 238 97 2886 
10333 200 2 61 
1765 1766 22 388 10341 
2217 97 149 129 1290 6 97 1486 1186 201 9475 
124 63 180 170 12 10358 170 2966 3809 204 406 37 654 
199 161 22 1302 29 10341 527 90 1206 
18 2217 97 10378 106 97 1486 22 112 2 61 
77 947 1451 1368 772 97 10392 406 97 10395 170 10397 
104 129 1290 6 12 10403 465 46 37 1418 
677 116 866 2 18 129 1147 79 158 10417 465 46 37 10421 34 2494 698 9201 97 5423 18 2 1085 12 935 
2 212 6 345 5544 170 37 8867 3983 10442 170 37 4421 10446 7179 195 406 10450 166 97 277 18 37 10358 34 1396 10459 40 2174 10462 10463 431 124 1710 219 10468 10469 806 97 10472 9986 29 17 
201 46 97 40 660 170 10312 
3574 1700 345 4891 18 129 161 10490 139 170 4357 
1451 10495 204 2 10498 
9611 61 
692 180 1472 527 10505 207 34 97 10509 10510 
22 161 1443 10514 1444 170 269 1370 42 200 1368 593 18 202 22 204 
39 22 896 6 69 116 22 127 26 6151 32 170 97 195 34 97 98 99 166 9429 10547 278 53 629 53 269 75 79 2285 7662 
1068 18 10 79 7476 10562 7478 
527 1068 2 10567 
2216 2 289 1241 420 1891 1307 
90 18 2 161 29 10580 
704 10582 609 90 1368 6 102 18 277 278 370 2 1368 6 10595 18 10597 42 1451 244 433 248 34 10604 2239 374 97 10608 
279 37 354 2560 527 201 176 104 331 692 63 269 4873 332 106 6151 1453 2 1461 12 935 
2306 200 2 10633 
670 17 129 1290 
2 57 1045 158 
127 22 1858 127 1451 107 1858 79 10 2405 6 345 10654 2217 97 149 77 10659 10660 59 61 201 
45 1073 6151 1347 18 10669 265 1115 
1068 
37 3753 207 
1068 12 935 10318 
2 2988 204 18 729 9201 97 5423 6 10689 12 10691 170 97 10694 1075 97 195 
5574 34 12 10701 10309 10703 990 18 10706 10707 2 10709 37 5494 2380 10713 990 406 10716 3912 97 10719 10720 713 1795 166 37 10725 10726 10727 211 46 10730 10731 53 10733 806 10735 10736 34 97 65 8585 839 204 170 10744 265 97 2068 10468 10749 
2 23 219 2665 2 6113 
1307 670 17 10 200 
129 1290 6 1643 1645 119 79 77 181 34 97 2560 201 1085 18 7360 29 17 406 167 2483 10782 170 1193 737 10786 3034 
1645 90 46 29 10341 406 17 331 77 2 2796 34 158 
37 10706 33 34 2949 
8753 90 2 535 677 77 2 10813 6155 
2 715 90 46 37 4904 7092 33 34 10824 
116 79 90 1645 2182 90 232 6151 10833 723 10835 18 46 2655 261 10840 9573 211 1145 420 59 34 8604 
2665 3546 204 10851 119 7624 3935 37 10856 209 852 10859 563 588 
677 201 2652 
22 563 4269 179 37 1645 10871 104 22 439 63 37 354 149 6 677 265 97 9090 
129 4269 90 1302 588 6 22 4216 1302 388 62 10895 22 692 563 180 10900 106 420 8585 388 90 232 772 10312 
2346 1148 547 22 18 2505 4043 10916 10917 10918 37 48 6 624 37 5388 
10925 
2 1145 12 1453 18 10931 158 10933 
4106 63 1290 6 17 388 97 9464 1418 10421 1148 9431 10 46 1347 18 158 46 9805 42 2 10955 77 10 1817 46 2665 
10961 158 46 107 37 186 170 97 723 2827 34 10972 
0 200 77 10976 2345 
331 62 232 6 345 5 
527 10505 207 34 97 10468 670 4043 124 25 79 10 947 
22 343 6 1035 11001 29 269 699 18 11006 119 362 269 126 170 166 97 11014 
10 947 2 61 4 5 1213 
97 1311 1259 238 698 97 195 18 11030 17 772 37 1161 11035 6615 211 2 11039 46 97 11042 11043 34 527 1068 
465 161 817 7119 1784 265 22 1170 370 22 161 8379 90 61 
124 161 895 698 1073 97 1013 207 1170 46 698 97 11073 6 677 77 11077 1004 345 269 87 11082 50 374 107 
90 46 97 207 77 63 11092 42 4213 8753 158 1170 2 112 22 290 17 77 90 46 11106 6 11108 30 5918 
1307 331 97 11114 1595 90 547 50 
97 5378 1357 1170 46 698 3124 
1068 
25 1206 39 22 63 941 265 269 1213 
129 4269 22 670 330 1073 2 1206 
2216 129 22 290 17 1170 34 72 199 22 1259 170 1170 
2 61 77 22 1018 180 170 107 1147 104 77 2 1004 11170 30 1784 
1842 37 5918 1645 2 61 6 363 
4005 10310 10 207 59 
1451 161 8392 204 166 97 1486 1148 97 11195 3827 18 331 1451 461 11201 29 97 98 99 170 852 2439 313 11210 170 97 11213 10727 34 527 1068 
10 178 345 2395 388 3468 124 1226 1302 180 465 1004 1357 97 11232 53 97 11235 11236 97 11238 10654 119 2665 
10 79 207 34 209 4120 11248 11249 6 11251 2046 8521 
12 5326 79 6 3546 170 97 8064 18 5401 11264 11265 53 527 1068 124 1226 11271 180 3420 6 2665 
39 1451 3527 1307 345 219 97 11283 97 9766 5300 791 1408 11289 1307 624 97 11293 18 3990 166 204 
39 1451 11300 1307 345 3420 15 53 97 4962 677 
7381 11310 97 11312 1073 2 61 547 22 624 17 97 9375 11322 10156 11324 1170 
2 14 15 806 97 985 18 11333 1408 97 11336 34 11322 11339 53 11341 170 5661 
465 2 46 2285 7662 
11349 1068 
11351 852 2439 313 7476 11356 11357 
10580 
704 11360 11361 11362 
2294 
102 37 
11366 
7224 
3057 3142 830 11371 11372 34 852 2439 313 11377 
11378 2513 98 11381 102 3060 1151 
11385 5011 5012 620 621 11390 
284 275 
276 277 278 11396 
0 1073 2 61 18 2187 97 10156 6 420 
609 2 1907 11410 12 1942 18 6609 59 97 11417 11418 2 1637 11410 97 11423 10736 
158 46 34 11428 406 11430 
170 6922 3202 166 158 18 11437 11438 6 261 11441 211 2 244 5100 6 11447 11448 170 4421 449 18 37 852 11455 4675 852 2439 313 18 620 621 11390 
42 3037 42 354 
12 11469 34 2568 46 11473 204 11475 
2 3081 170 12 4192 6616 18 1637 37 11485 34 11487 18 106 37 11491 18 37 11494 170 11496 
2 11498 37 11500 2548 698 97 11504 170 97 11418 18 7029 158 6 97 99 1311 
10 79 265 22 1073 18 37 7074 9234 1142 6 22 
39 11528 11529 22 1765 1766 17 107 1147 
6163 22 184 248 1170 4 629 90 61 11545 97 505 2764 406 97 11551 11552 34 37 11555 119 11557 
2 1944 59 6 97 11563 46 2003 6 11567 97 313 18 3383 465 161 11574 6840 170 97 284 11579 729 9201 6 97 1329 34 1233 1234 
6 12 11590 250 852 2439 465 161 543 11597 18 209 161 3383 11602 
374 106 505 2311 34 11608 2739 2 11611 2189 4594 34 97 11616 11617 170 97 2143 11621 18 729 2121 6 8158 11627 
53 2 1085 15 11632 1234 2 6003 163 11637 11638 170 97 6616 34 12 6615 
2 11646 18 11648 59 817 11651 11652 6612 406 97 6611 2856 166 303 
207 46 11662 265 1 18 97 2239 265 251 
10 11671 37 852 11674 37 11676 2 11678 37 11680 265 97 4128 34 207 34 97 11688 170 97 11691 18 11693 12 461 
97 207 11698 265 11700 1512 345 2 3908 12 13 11707 37 7692 1394 3084 6922 6923 97 33 34 575 22 2505 269 11721 11722 166 11724 1147 
97 207 11698 251 5618 37 11732 34 97 65 107 963 11738 2655 6 37 1228 265 30 354 11746 
570 2 1461 12 935 
11752 251 1512 345 25 46 865 627 12 13 18 97 11322 10156 63 627 855 30 11770 11771 119 11773 11774 6 527 1068 
18 22 380 2505 4473 6 269 11785 11786 119 269 11789 
1451 114 179 527 11794 1148 1193 852 217 806 11800 1148 11802 6922 166 1193 11806 13 18 4473 166 97 2239 873 2 733 
42 2 11818 97 11820 166 97 6612 18 2187 6 11827 170 947 6 1994 97 11833 3060 11835 
921 921 921 921 921 45 2 11843 6 37 7246 11847 
5574 34 97 10468 11852 97 852 2439 11856 406 279 11859 11860 34 107 77 63 1290 6 97 1048 8541 388 11871 2 46 11874 1748 6 11877 363 806 4634 37 1986 34 7474 
170 1055 6 11888 97 11890 34 165 11893 806 11895 5837 2 11324 1004 627 69 806 4878 
2 11905 12 990 170 77 11910 11911 406 279 11859 11860 34 107 77 63 1302 1290 11922 97 11924 11925 53 2 11928 792 97 99 132 18 4269 627 8416 11937 698 279 11940 11941 34 97 11944 18 97 11947 596 2 46 170 97 11953 11954 1075 97 11957 11958 
97 1049 46 11637 11963 104 2 46 110 6 461 37 7744 3037 3225 116 543 11976 1612 433 12 990 
2 733 77 12 11985 63 180 841 199 97 11991 166 11993 12 11995 26 433 32 627 12000 97 99 132 5274 1115 
1068 
5031 2 670 1115 
12011 627 6 1842 265 22 265 12018 12019 380 670 420 37 575 7566 2 10633 
4 12029 2408 12031 1191 34 1808 46 623 12037 170 97 12040 2 380 896 6 345 1247 
90 7281 12049 18 1964 166 
2 46 12055 1748 6 12058 620 621 3935 2239 12063 18 729 2014 97 12068 12069 596 2 12072 37 12074 
57 22 134 17 59 6 12 1817 2 1206 97 12086 
629 1115 
1068 
1120 6 90 3 
12094 6 5129 269 12098 15 45 2 1959 
12103 
4 963 4120 1374 6 134 1213 
232 30 2239 11976 40 37 1172 34 5081 698 97 12122 1817 90 61 104 1451 57 9936 22 1013 18 362 303 1148 12136 39 32 12139 7246 
2665 275 2 10498 
10 79 37 10249 12149 413 1013 12152 
22 57 134 17 166 6 5011 5012 374 692 941 303 29 97 12167 
4395 12169 624 170 484 39 895 161 12176 
97 12086 1710 7944 18 871 12183 
1765 564 34 30 12188 12189 5081 170 3574 12193 388 12195 46 37 12198 90 61 
2 12202 772 97 11616 9201 97 871 12209 12210 18 958 12213 34 817 12216 1024 124 7242 5420 29 17 18 609 12225 37 12227 34 97 3102 12231 34 12233 
2 3081 871 12237 406 363 
2 212 6 179 12244 29 2372 207 12248 12249 170 97 12252 12253 34 12 12256 12257 
331 265 12 1013 12262 406 97 873 5837 2 63 3057 1603 6349 506 12273 12274 6 97 11322 10156 
4312 25 1004 12282 77 465 46 163 12287 2694 406 330 3492 140 2 63 180 505 2311 29 5011 5012 
2216 2 535 69 116 97 12307 46 362 12310 330 982 18 129 3198 2 1357 97 5006 124 2698 97 985 12324 1451 63 37 5006 