374 37 1896 4935 170 97 72 34 211 12 13 7524 97 11322 2037 170 97 852 2439 12348 18 2 97 351 2037 170 97 852 2439 4614 2 12360 363 18 2187 6 12 982 
957 9034 46 12370 406 107 97 3622 963 18 465 46 167 12380 10022 34 12383 698 97 12386 12387 12388 12389 6 97 12392 12393 5653 12395 12396 
2 91 59 97 2869 18 1637 77 12 2874 2875 2876 593 2878 2879 354 2881 34 158 238 97 2886 
2182 1307 37 543 2126 34 12425 204 12427 1004 1045 9086 34 77 
37 9805 12435 18 37 12438 12439 839 17 1160 37 1394 2159 12446 18 2 12202 12450 772 957 5401 12454 10736 
127 22 12458 97 6349 1318 2696 830 1514 698 330 982 
275 11773 3591 2 8711 330 
6066 97 284 547 22 18 670 303 4 12029 3396 97 3678 18 241 345 170 2349 12492 341 
10 212 219 37 354 48 6 588 261 12503 97 3849 63 12507 12508 97 12510 2 12512 179 1247 388 2 63 1766 12519 34 3329 12522 219 5011 5012 170 37 12528 34 24 12531 12532 12533 
465 46 97 12537 12538 1879 406 492 12542 5216 12544 12545 12546 5653 12548 18 97 12551 5528 34 7710 11496 166 97 12558 4940 12560 
97 12562 603 37 12565 34 12567 12568 406 97 12571 223 12573 806 12575 
465 46 97 12537 12580 12581 406 37 12584 12585 12586 817 119 1396 12590 6397 12592 806 12590 9572 12596 12597 
465 46 97 1097 5528 34 12604 1583 7422 4421 12608 18 12610 12611 406 12613 34 12615 12616 18 37 12619 12620 5455 
34 72 22 1083 97 12581 806 817 8634 15 698 97 5693 6122 18 465 46 37 12640 12641 6 12 3889 
18 629 53 7291 18 8254 465 46 37 12654 3665 12307 
2 4855 166 12 1942 18 1940 18 5930 59 1408 37 12669 825 211 6896 698 97 12581 6 97 12537 12679 12680 12681 
465 161 12684 12685 12686 265 37 748 12690 18 170 97 12694 46 37 12697 1394 12699 12700 
10 63 167 12704 797 18 97 12708 593 97 12711 29 97 1817 116 4095 3198 345 18 37 12699 7390 3069 5574 34 97 1588 265 2907 7474 
107 97 11 238 97 554 34 97 9351 46 3200 170 2065 12744 12745 97 2665 406 158 12 12751 166 10 12754 34 97 1068 12758 2 12760 630 2 12763 6 6744 12754 406 37 12769 4747 806 4929 
2182 1115 
1068 25 1514 698 97 12780 825 170 1305 12784 34 330 12787 9751 53 12790 9365 12792 5006 29 12795 12796 97 660 698 97 5281 79 45 406 84 
116 5031 2 670 420 6 1045 97 87 2 12816 592 12818 46 223 37 12822 170 97 9605 18 2 1510 11236 12 12831 406 305 2181 12835 1637 37 12838 1394 660 124 12842 34 12844 18 12846 
1307 1170 1115 
1068 90 12852 97 299 12855 29 17 
77 87 34 4284 63 37 5153 1357 37 12867 5153 1357 
715 90 46 37 12874 12875 
91 857 12878 12879 12685 12881 12882 
275 12884 
609 141 142 90 623 2346 15 18 1368 6 1370 18 2 715 12 241 1115 
1068 1160 4213 104 90 202 204 1950 53 217 18 9544 53 12915 18 1434 12918 166 42 77 2 875 90 3265 6 413 1213 6 1193 12931 
5359 37 12934 12935 1115 
1068 184 12935 2 1512 677 104 2665 624 1307 12947 45 508 29 12 1817 18 256 12955 170 6184 2239 1147 6 443 444 34 420 
439 4269 433 521 219 97 5291 77 87 839 170 107 12 11351 544 
331 106 1193 12983 2 8642 596 90 63 6 1733 37 5388 18 839 12995 6 12997 420 166 1193 6094 13002 
2 535 179 51 84 265 37 4774 11448 2 61 
4005 624 420 59 34 269 132 18 204 170 12 982 2 2652 
5359 180 219 37 13032 34 97 7710 18 37 6132 34 8867 13041 13042 4747 17 6125 806 13047 7154 34 37 2065 10727 13053 549 13055 238 11410 37 4421 13060 13061 
465 61 97 11114 
90 11893 269 2673 
413 166 84 
256 13074 22 
5359 4904 12935 1115 
1068 104 2665 624 10242 4827 39 22 13088 420 355 
97 11114 13093 59 97 5693 985 18 2187 9480 13101 37 13103 13104 13105 3181 13107 166 37 13110 3983 13112 
84 4269 627 23 184 12935 6 17 104 62 563 180 6873 34 13127 18 2 13130 77 13132 6 13134 1512 13136 170 12 6292 
354 87 2 13143 
3040 299 13146 97 3040 299 13146 603 37 7246 104 13155 13156 18 13158 265 17 406 13162 13163 13164 97 11114 1075 420 219 37 13171 1075 37 13174 13175 
2 13177 772 97 3889 18 13182 97 985 370 84 6363 3513 18 13190 166 97 3037 6949 34 12 13197 
670 22 129 3324 2 1514 1408 97 13206 
1045 420 978 18 3078 420 170 12 5423 
279 97 207 6 97 355 29 97 935 34 97 5217 
5359 623 13230 
13231 420 170 18 53 1080 53 5359 13239 15 256 58 420 13244 
370 10 871 13248 13249 46 165 3078 772 5669 2 14 15 18 715 158 593 
13262 527 63 180 97 65 34 660 13270 13271 87 91 6 13275 1193 13277 59 
77 46 13281 388 698 129 2 11611 34 420 29 11360 90 63 39 521 180 40 963 13298 
2 8642 59 97 11073 13304 9443 18 13307 18 609 7120 97 13312 265 97 5006 
3688 2 61 547 22 239 97 3324 406 1193 1940 18 1942 18 609 1045 84 37 13334 34 8868 
97 3040 299 13340 63 37 13343 947 
97 11114 13347 18 2 7127 370 97 5006 1368 978 
609 465 46 37 13360 97 13362 34 13364 12615 18 97 841 34 37 985 165 13182 
2 13375 204 97 8634 6 461 3688 13382 18 13384 822 2261 29 97 13389 13390 34 37 5987 12615 13334 18 37 13398 13399 34 8868 166 97 13404 13405 11922 12 982 
97 985 34 12 4476 5423 10421 4532 18 1 4930 406 37 1480 129 166 2733 279 77 87 1170 4602 4929 
199 2 13434 406 97 13334 34 8868 219 22 61 465 90 46 13446 13447 3698 219 37 9964 13452 18 129 2 6664 
18 90 46 4433 269 3655 1170 25 13465 
13466 13467 830 13469 97 149 
2 603 37 13475 654 
90 10961 13479 77 90 352 13483 6 13485 166 97 6351 3688 18 656 179 11648 12 3655 204 465 6 13485 166 
13501 2 362 420 204 166 97 13508 2 563 58 420 13485 166 261 34 12 2181 
2182 4929 61 6380 13523 
79 77 158 158 46 623 77 158 1710 33 34 13535 6 433 1193 12210 170 97 13542 4192 
1307 380 514 106 158 331 4929 12 13 26 2195 
4 627 7944 158 603 22 37 607 
5359 11773 37 3790 87 
256 338 170 18 433 77 5359 13244 
413 166 527 4005 1045 37 23 29 420 
2217 97 2721 25 2652 9886 37 13592 13593 170 12 13596 
952 248 2 13600 
279 40 77 90 13605 265 12 13277 199 90 232 11410 97 985 
4465 25 3 170 97 7199 1976 34 37 873 124 909 2345 18 124 170 30 7485 13633 330 3492 627 6 345 8487 34 37 11802 13643 3181 13107 
22 69 84 563 13650 1193 13652 166 269 13655 18 13657 269 990 6184 642 53 22 7866 420 
12 13667 2494 46 37 118 34 13673 
34 72 77 46 158 2 517 18 3368 180 3372 698 4043 42 946 77 90 46 13692 
413 166 4005 433 39 1451 114 58 97 3040 13703 13244 
104 2 362 330 4407 97 11 
97 3040 13703 46 13446 13717 166 12 223 13721 3698 
97 13724 13725 3916 3655 211 2 63 13731 29 4935 161 9134 10328 13737 238 279 13740 10727 
97 1942 46 9201 97 13134 13655 18 503 34 279 13753 161 13755 1408 207 34 97 13760 
465 84 3040 299 13146 13766 1 170 37 2673 211 1004 179 13774 13775 698 305 13778 
84 603 37 13782 10259 18 1193 13786 13787 97 13789 219 167 13792 13793 9201 97 592 34 13798 13799 
12 13 13802 97 13134 935 18 84 13808 13809 29 330 
25 13813 13814 420 698 13817 97 3655 18 4531 303 204 170 97 13826 
53 25 1085 13830 97 3698 90 13177 6 97 13405 13838 204 3078 503 13652 166 330 13655 18 13847 330 990 13850 5177 1394 13853 18 13855 
3040 299 13146 3040 299 84 25 13863 
46 90 1120 6 624 1213 698 97 9836 299 13874 465 18 25 13878 1193 3019 
413 166 331 84 25 26 2159 13888 677 354 642 6 269 4953 
97 2605 46 37 8158 13900 34 37 13156 18 97 13906 34 37 13909 34 5595 5987 13913 170 12 5375 
84 25 3690 53 97 13703 13808 13924 
677 354 642 6 97 4953 90 13932 6 97 13405 406 97 13938 34 37 13941 5471 18 13944 17 13946 3019 592 5965 13950 18 13163 170 13954 
84 6562 2381 46 13808 13960 104 97 87 13158 29 17 18 2 4425 63 947 6 5153 97 985 170 279 990 
37 543 2311 7624 830 13984 822 13986 
62 439 10895 420 6 13992 219 10 25 61 
2 380 219 158 
279 563 180 22 90 46 42 6873 34 18 90 4425 14013 17 
331 90 4859 107 14019 
374 22 941 90 13239 355 15 18 1259 592 18 13847 12 990 107 593 5148 
129 588 22 4012 79 2694 406 420 
57 158 345 14048 2 1461 12 935 
90 513 2416 219 14048 2 61 
5359 63 37 4213 338 34 11092 18 79 10961 14070 698 607 
13127 588 624 607 22 69 
2 112 170 14082 29 102 895 290 4043 106 37 184 14091 10580 
14093 87 211 46 14097 772 1305 14100 806 97 14103 
77 79 895 6609 37 14109 14110 9201 97 13405 806 37 14116 7543 170 37 931 4675 97 14123 
97 87 1603 63 14128 14129 199 90 10709 37 14110 14135 806 549 
104 129 57 1451 588 25 1206 
4005 5300 420 592 6 97 5281 596 5359 14154 
14155 698 129 3662 
14159 14160 
698 129 14160 61 3368 2279 14167 204 29 97 5281 18 14173 11114 77 14176 84 1004 345 2345 1148 29 1213 
104 1451 114 179 420 5 265 22 6184 947 22 4128 269 5423 
609 2 241 4128 158 
256 1370 170 97 1629 2 2652 6640 14211 25 14213 6 2954 14216 
22 1512 1045 420 6151 13334 34 14224 107 355 406 14228 14229 97 852 2439 4614 166 97 14236 37 4120 354 4128 265 1844 7578 59 12 2181 18 633 
90 4859 6 179 1891 37 14255 265 22 18 1307 623 5129 420 465 6 2796 633 593 806 14269 
332 106 1193 7322 25 1206 
14276 90 179 37 7655 14281 275 
256 362 420 338 13155 265 37 1147 119 42 
42 946 53 90 1226 2086 34 8868 158 241 1000 420 
609 199 5359 12935 1748 42 53 627 6 345 10206 256 7578 420 261 297 14321 18 2129 14324 18 2665 2321 6 4029 17 97 8064 11 806 97 14336 14337 
25 1710 29 17 21 22 588 23 14346 25 61 
692 63 37 607 963 
1018 2 2345 1357 97 3324 2 1461 12 935 
275 2159 4891 7566 
4 59 34 3906 2 875 18 107 10 14377 3181 14379 79 2783 166 97 14384 
256 338 15 18 14389 363 37 14392 
22 1512 735 17 199 692 5151 12 633 978 
2208 232 6 428 593 37 327 34 633 
199 2 14414 14415 6 4647 15 170 12 3889 406 37 6264 1453 2 3081 14428 13986 18 14431 204 760 97 277 
465 1612 345 275 4754 2107 106 14443 87 1241 84 1241 77 2 46 167 14452 77 97 214 527 1068 275 4165 14460 77 37 14463 46 11210 170 1193 10727 18 2181 
97 13467 14473 34 37 87 63 6896 420 6 97 2520 199 88 957 13 63 180 14489 
10 46 37 852 14494 170 97 5255 
2 1700 7834 97 4953 34 97 12257 14506 406 148 14509 6 433 630 1643 1645 1004 58 158 119 1004 345 14521 170 97 1013 14525 
34 207 575 2 46 13592 14532 2 1612 14535 261 65 34 6107 14540 406 84 5271 1004 14545 238 17 
265 97 3089 830 4269 627 2107 77 2 46 330 3492 12 14561 63 6014 330 104 25 63 7370 406 527 42 946 77 158 46 14576 77 25 275 4165 14581 6003 420 
251 252 1004 345 2159 14589 46 37 873 14593 18 25 63 180 14598 59 34 167 14602 
25 63 6184 14606 265 14608 59 119 88 265 14613 97 2520 104 2 63 2655 363 37 354 14623 6 443 330 29 1441 14629 
25 1700 14632 330 11 772 12 11378 
2 1004 670 12 284 8125 6 443 330 3372 698 17 18 25 1700 345 42 14655 53 6 14658 14659 772 12 1213 
39 2 1612 14666 84 18 1057 251 2 63 37 498 48 34 4593 3372 406 158 
14681 1237 1170 158 46 4929 
2274 3688 3124 
252 79 592 1170 
25 886 6 433 22 
670 330 2 866 627 29 1213 2 3 170 37 3774 12918 1976 
18 77 2 439 547 345 29 1213 6 330 
2182 2274 22 547 
158 46 97 4184 
25 46 4433 37 946 14736 1942 18 12918 37 1555 7487 14743 
219 158 119 627 527 1451 127 5 6 179 37 14755 
25 1085 6 97 2388 5006 
18 380 22 7 14766 97 2623 4929 25 2652 119 97 1013 575 22 547 2351 79 10 14743 5 12955 29 1115 
2285 1068 34 852 2439 313 18 620 621 
105 107 355 3688 2 2652 
380 1357 97 2623 
670 3124 
1068 77 4 8243 
3124 
252 18 2 3112 6 179 37 7588 
