53 97 985 6 97 5423 13182 13850 1075 4929 3124 
252 144 14833 97 7487 166 97 14838 4675 4043 18 14842 592 330 14736 1942 
25 46 167 14850 1394 8058 39 22 219 14856 4454 14858 18 6167 1408 18 1408 
14864 2 2279 6 12058 265 97 14871 104 46 1938 806 330 654 
1045 158 806 107 5784 25 61 
279 627 14887 
2 40 1112 158 265 97 5006 
670 17 527 179 22 232 330 166 269 14904 963 97 5006 839 119 14910 53 895 4715 6 677 
251 2 61 2195 2 290 22 12787 10 642 77 1451 161 1408 
399 952 2159 6 345 61 106 158 
279 6145 2408 14941 14942 1307 77 14945 
25 176 5148 18 1710 29 17 21 
170 6277 34 363 2 1434 4931 14961 29 97 14964 34 12 941 14968 37 14970 34 1808 199 6134 211 1226 563 5767 12 717 
465 251 61 14414 105 158 330 2673 63 37 7459 34 14993 406 37 8604 34 14998 14999 77 2 1637 15003 
1307 179 22 521 6 677 2 1206 
179 22 521 6 677 62 3383 61 158 251 
297 53 22 127 18 15027 53 22 127 161 15032 204 
158 241 118 18 1451 503 69 158 
42 2216 627 15045 2200 18 15048 126 25 1145 12 15053 2057 170 3071 104 5574 34 15060 158 15062 158 7178 
184 15066 25 7242 
692 88 232 77 1394 15074 29 97 9454 34 269 15080 
34 72 2 179 
279 180 465 388 15089 
184 184 15066 527 25 2724 104 158 241 588 12 527 1477 22 433 22 9972 12 527 29 107 
32 37 14998 14463 
62 659 2 398 
4 4882 6 345 15123 7092 
11752 3265 527 6 345 15123 7092 25 15133 
3468 
90 46 248 15138 53 90 15141 298 3817 15144 
53 265 22 11752 22 127 4 166 6 269 15155 
22 9972 2285 1068 18 22 69 158 
2 3078 261 2065 15168 772 12 15171 
332 4269 22 1302 875 3124 
252 25 176 15181 11030 14659 6 37 5523 18 2486 3225 370 2 15192 158 42 77 2 1612 627 239 15200 8867 772 97 15204 5992 34 330 15208 
12613 34 633 
170 97 1013 1817 22 1357 17 251 199 161 12310 5574 34 15225 53 22 563 4715 6 588 
2 11646 7148 22 15225 199 2 839 204 12 231 2 1434 
9066 6 22 15248 25 6155 
609 22 9558 4931 29 269 14968 53 89 22 161 15262 37 15264 370 2 46 15268 22 
527 439 4269 77 
199 90 46 170 37 2764 90 563 1907 170 1193 6616 18 15287 1193 673 119 53 37 15293 15294 15295 1193 11487 
380 15299 12 15301 806 12 15304 2 10498 
4 627 12029 1307 18 62 63 37 33 34 15317 607 
527 439 61 15317 170 1193 217 3040 14109 25 3043 
90 244 69 129 158 15335 
275 2 380 69 129 269 15155 79 104 4 166 6 22 18 161 5 6 345 214 15355 698 331 166 119 119 129 97 2623 25 3043 15366 1045 37 11859 11860 34 15372 170 10 4015 
331 4 4346 6 345 15381 
527 46 37 9090 124 63 158 35 6 420 2 875 
2 46 15396 420 265 37 6946 4046 18 4278 
1396 1520 11448 79 37 327 34 1551 88 170 3574 544 18 158 1004 179 180 297 6 179 180 3057 6 158 
104 279 88 15431 10 11 2 875 
97 15437 46 10063 12058 
2 6149 363 6151 1453 
179 261 2 1206 
18 2216 627 2217 4284 79 1808 18 1451 503 247 158 
2216 4269 22 677 158 46 15431 10 11 3124 
252 2 7275 
251 6 22 527 
279 1477 331 2 380 179 6 6559 22 18 2 223 179 37 15493 6 97 1068 307 
42 22 127 5 170 265 4604 2 3043 
4012 2 15509 6 4046 1 18 6559 22 
374 107 2 223 1612 
37 1228 1226 330 15525 25 7242 
627 77 1283 231 189 4873 406 22 15536 2 2796 1283 2345 1357 22 
104 37 13 114 2505 15548 760 330 3492 18 2 2796 1283 871 219 6 345 110 6 2505 15548 39 1112 
2650 37 3492 1226 963 390 15572 6 239 97 15576 
465 127 15579 170 15581 18 15583 15584 624 1087 204 170 97 9034 15591 18 465 79 563 97 12386 15598 
275 388 692 14415 6 624 15605 34 97 2239 527 15610 2 2796 256 443 37 1006 15617 18 12 8584 53 946 53 22 58 158 15627 12 370 
4012 2 241 4175 2 4241 
609 256 338 6 97 2623 119 97 15644 
2405 6 1994 15648 9972 15650 670 303 129 2 69 
2 2988 204 
10 1004 345 15662 508 2 63 11106 
3850 251 2 61 338 355 6799 
399 97 7119 
22 57 4128 158 6 1357 97 11014 15685 265 107 2 9086 
433 129 3591 22 179 406 269 2358 199 12 13 79 45 6 15704 77 4 527 1068 
330 990 15711 18 330 713 15715 3514 
1 963 25 1206 
609 32 503 170 158 161 503 170 129 97 985 5007 18 830 1068 2988 170 97 15739 
251 252 1710 15743 18 25 14864 6609 330 14736 592 593 330 13655 
952 1 25 61 29 723 
2 46 15762 1748 6 3951 77 39 2 1259 592 18 63 37 428 12310 406 527 1451 1612 15780 204 116 1451 941 1148 
5359 180 14167 42 10328 77 90 513 109 219 14269 29 107 
18 42 127 22 
105 129 2 15335 806 162 77 22 161 503 170 158 
251 12 13 61 2195 12 3492 290 22 6 9 59 34 10 15829 279 12 1213 15833 331 2 461 22 45 
7566 338 119 256 1357 97 2623 
97 817 888 15849 15850 6947 211 4241 77 895 161 503 7233 15859 97 8604 34 15863 77 63 413 772 305 15869 15870 
275 279 12 3456 265 2459 330 170 2 61 
25 3420 170 149 806 3688 22 2843 4929 
77 25 1004 219 6 433 17 
2 517 6 588 42 42 22 114 3762 330 
1451 1479 633 593 18 733 77 279 107 15916 543 15918 34 15920 104 105 107 18 627 15627 15927 817 15929 265 
352 77 42 3124 
252 251 1461 330 935 
275 527 158 79 627 42 
1 2 1259 45 406 77 14871 
158 8753 14887 104 97 1800 947 158 547 345 
2 839 4929 119 4106 330 75 79 1361 17 170 18 2 290 330 2 1004 15980 527 39 25 603 97 15986 
609 2 290 420 129 2 69 106 420 
18 129 79 77 12 13 1206 
77 90 79 627 527 29 107 251 4864 
77 90 79 167 16016 77 90 18 4395 22 63 2408 3372 406 3040 299 527 
2 290 420 77 2 535 670 1193 11014 39 90 11678 17 6 443 16044 
18 90 290 17 6 1357 97 2623 
12 13 1368 593 6 330 18 1145 330 2057 
3040 16064 251 25 7242 2216 380 22 338 3372 18 179 37 354 554 692 232 2984 107 3857 204 265 37 10120 16087 
34 72 279 527 
4 3057 6 420 18 2 343 6 69 12 270 3492 14276 2 692 1611 232 365 15 18 107 406 16114 18 16116 
2216 380 22 362 3176 5300 22 265 37 543 2126 6 97 726 16131 265 16133 18 37 354 554 251 16139 12 4476 2057 3372 
170 2239 4008 22 2796 4 16150 25 3513 
275 104 2 588 2796 32 16159 
10 79 527 4 1 18 32 251 252 
2208 107 180 2459 11201 624 16175 18 10 396 79 37 16181 166 16183 
380 514 
3176 57 9107 158 265 22 1891 16193 18 16195 503 547 345 1120 6 239 1835 265 158 39 32 3780 106 97 1551 
374 107 830 2652 16215 97 2822 575 79 4904 248 34 37 7710 4117 352 158 4005 443 158 77 11 
3124 
252 1907 593 18 16238 97 14871 698 97 14838 
107 355 830 1068 16248 25 6740 
39 105 97 11 32 5 6 4175 158 256 4175 963 
380 514 106 12 231 
11794 16269 106 97 5653 192 
112 170 10 4015 895 16279 888 124 3267 305 6761 
1 8642 596 97 985 711 1075 97 4891 13 
609 25 1085 6 17 406 37 3564 6015 34 16305 
3040 660 25 26 
22 179 232 2984 772 37 4213 4357 1765 22 2 1959 
158 244 109 219 207 370 2 46 4593 772 158 2 61 
279 40 331 199 4 4882 6 624 633 3809 59 77 158 4859 42 3102 
4005 433 25 2724 
332 390 888 79 158 692 180 4882 6 443 3372 698 10604 2239 399 363 34 72 104 653 380 13136 30 2159 588 895 18 399 251 252 18 4929 18 465 46 77 7558 16392 1451 16394 29 16396 16397 723 748 18 79 158 207 119 817 1024 29 97 284 45 46 116 2 1612 10032 406 1305 16418 
2 16420 77 62 627 180 16425 406 30 34 97 284 1024 2 61 
2 69 1 517 16438 
22 563 4715 6 670 17 77 158 46 16448 4213 265 351 6 4175 406 97 239 104 374 2 10709 97 11 22 1368 265 4929 2 733 77 465 161 16472 6 6184 16475 
3468 170 97 284 2 16481 
2 16420 158 
609 4395 158 46 97 284 1800 985 
16493 22 10468 179 167 16498 16499 265 2434 166 10604 1492 16505 158 6 351 16509 265 4593 8006 106 10604 1492 16516 2 69 62 564 97 75 7608 855 15610 170 269 16528 
97 75 5784 3299 952 6 17 2 10498 
39 158 547 58 22 30 16544 256 7555 6 37 1569 888 104 4 1408 406 107 77 16557 
698 331 166 4 5 6 345 37 16566 660 
830 16569 17 406 167 9605 34 16575 
1004 22 231 5177 17 37 1453 34 16584 25 1206 
62 163 6 677 6 22 18 4 8487 22 241 219 158 
2 1368 6 97 5592 195 18 6149 330 37 16610 34 16612 
45 22 127 
15 97 16618 18 331 129 79 158 22 896 6 670 17 
4266 17 527 25 61 279 627 1583 265 17 
104 1283 2345 677 158 4216 
2 114 443 166 16649 158 
124 127 22 2217 77 124 127 22 25 16481 
22 23 219 12 3492 104 22 380 428 219 420 
1193 2181 16674 22 104 251 252 79 1891 16681 9972 527 1068 
332 4269 22 875 380 2796 256 2505 22 3372 25 2724 
2 241 1477 22 178 179 63 37 16705 7782 11746 265 139 4106 22 179 2408 
22 109 6 345 170 8867 484 34 261 65 
16724 219 6 239 22 39 2 57 
380 2796 4 2783 166 12 3492 
279 180 506 388 16743 22 69 
2 3057 420 265 1193 1551 18 2 223 380 69 2216 90 3057 17 
2274 2 588 104 62 439 4077 6 7555 158 
3368 839 37 327 34 1551 170 97 2442 18 63 16782 10 81 
90 1112 37 13 97 11 90 1112 167 853 37 5592 195 37 16799 37 16801 3181 13107 18 37 16806 170 97 98 99 
2 46 16813 29 37 4759 211 90 16819 105 107 465 79 6 2046 2358 
3040 1 2 16830 
161 503 51 2 875 
275 4 627 527 104 2 380 69 124 5796 2 1612 16848 345 
22 433 16852 508 2233 2234 12273 2 46 37 9474 166 37 5940 169 170 97 8335 172 18 830 13946 16872 330 2057 698 1808 
2182 25 10567 16880 
2182 527 3040 299 16885 256 1045 9086 34 22 18 433 77 22 624 593 10 
1842 256 1357 97 3324 355 3372 
97 726 16907 37 184 297 1817 18 2 57 413 593 6184 16918 6 2 1461 12 935 
458 588 952 34 97 65 12 2696 2 3690 
275 3324 57 239 17 166 10 207 
2650 2 2652 332 588 22 69 77 2 8753 16952 140 18 179 623 413 6 12 16960 
330 713 161 16964 
107 355 2696 25 517 
2 219 22 2345 10 11 4216 
