677 299 660 129 1290 6 269 2057 472 272 494 492 18 16990 104 184 7697 18 406 37 16997 16998 166 1193 7168 17002 46 12 17005 
90 14 9201 97 17010 489 170 12 277 278 284 370 7757 7608 7514 17021 170 97 17024 284 
17026 17027 2 17029 
97 6299 575 4855 18 140 2 1241 158 2 839 37 17042 265 158 
12055 158 244 338 8867 
17050 97 3883 17053 18 97 3558 1623 
588 22 2796 22 57 624 12 1590 9599 1408 97 122 119 3198 2 17073 527 17075 1068 1193 17078 272 17080 219 37 15869 17084 
1307 624 1748 17088 6 269 17091 17092 6 58 158 17096 90 2914 
331 129 692 232 6 588 79 6 11552 299 17109 17110 772 97 17113 17114 18 1045 37 17118 29 330 17121 17122 
62 5203 97 1934 406 17 
53 22 69 25 10498 77 22 3850 97 2881 
2 1913 29 97 7514 1934 
10 8823 17147 4904 354 6 17 472 2 61 
17155 17156 1006 53 97 2711 17161 17162 
79 3084 18 17166 
343 6 588 107 355 406 10 852 17175 8823 
3662 
252 46 3881 406 3883 3884 204 18 15 12 3889 
90 1710 2174 2159 3894 508 97 1147 140 18 212 6 345 170 3904 3905 3906 
2 3908 29 97 3911 3912 12 3914 320 3916 3657 3658 18 3920 12 606 3923 6 3925 420 3927 59 34 97 81 265 189 413 3935 12 3937 
18 332 12 17240 517 
5573 129 37 17245 8823 219 77 79 17250 508 17252 13163 166 97 4532 2442 
406 5153 6 37 1520 2616 6 3546 593 1451 343 6 588 4904 1307 166 10 
2614 129 161 4634 265 330 
272 1964 17 37 2545 34 2191 
97 17113 17114 90 61 
17293 
22 6552 14856 1451 3198 514 
275 1551 592 265 6349 506 
17306 17307 
97 2545 46 17311 6 37 17314 17315 4214 
433 45 2 17320 59 
3574 6299 17324 17325 17326 
37 17328 265 97 1013 505 506 18 609 11794 771 204 97 17340 5148 18 502 17344 
105 158 527 
97 17113 17114 272 517 
895 1835 17355 37 17328 39 22 6516 303 104 39 22 7 6 17367 303 10063 505 506 97 17373 5784 22 40 624 106 17379 
166 269 1551 
289 37 17385 1226 3078 22 9660 10 17391 90 114 17394 17395 22 6 624 59 
124 17401 204 77 17404 2182 37 1172 34 17409 17410 1451 3420 15 6 239 97 17315 6915 97 396 
279 37 12915 
279 17425 6 17427 170 17429 
97 17431 7203 53 2665 18 22 624 158 107 592 39 22 1842 946 1748 
104 129 39 97 299 1228 17452 10063 97 1800 505 506 241 97 17460 345 17462 332 547 97 17466 1160 199 895 179 6 1045 37 9169 34 17476 105 305 514 527 272 17320 59 
107 1451 179 6 588 79 1588 97 17492 18 6346 17110 3336 106 17498 37 17328 265 97 554 34 330 217 
5574 34 97 17510 37 17328 5898 4593 59 34 330 6596 17122 331 
629 527 
161 627 170 351 265 2046 17529 
17530 127 17532 18 3142 17110 79 3102 1795 166 17540 2018 
1451 1045 593 330 6596 17547 18 1045 2046 17551 166 97 2442 
39 17556 17557 161 170 37 3998 6 17563 4827 
25 352 
25 40 3336 6 340 9544 37 17328 289 4675 195 9483 18 946 17581 18 609 1800 947 698 17587 783 6 946 17581 
413 166 527 618 269 821 166 3574 17492 18 256 520 97 17605 
2 1461 12 935 
1283 219 6 2796 10 593 2 61 
39 2 46 167 299 873 18 11106 40 505 119 6349 2159 506 34 217 1283 345 17636 39 1283 17639 363 15 6 3574 17644 17645 
158 7154 3850 6 345 17425 104 2 2796 1283 618 6 97 17659 17660 18 4003 17431 18 624 37 365 265 12 1551 
670 22 129 472 22 6066 18 670 330 1283 219 6 179 37 428 406 330 140 25 17690 204 330 231 
272 17695 592 1193 192 18 16569 17 13950 
256 345 4120 39 2 547 
10 79 37 12915 18 17714 355 79 15627 17718 6 97 7199 
22 1479 330 772 158 18 331 39 32 4593 9805 9945 22 57 428 330 59 34 158 
107 2 69 79 77 692 1219 9066 
1451 9972 42 2783 204 77 1451 179 6 17404 299 300 
17404 12 3034 2217 2694 106 17498 37 17328 17770 806 269 13798 17774 16852 2421 2422 2 17779 420 
2182 17782 1307 279 106 17786 37 17328 16852 508 5898 4593 331 
39 25 17796 59 18 17799 170 167 17802 25 1612 624 106 17807 37 17328 17810 
275 2 380 896 6 17816 330 772 10 
609 692 5055 332 1451 839 2046 17827 170 97 1013 1817 12 17240 17834 
475 476 18 2 547 179 6 428 10 593 
10 79 37 1161 947 6 338 3228 166 4043 
2 17856 29 420 
338 166 428 158 593 
39 22 896 59 32 4705 
1283 871 219 22 6 618 238 53 4 166 6 163 1510 3790 18 2 380 896 97 278 6 677 1451 17893 2046 17895 
2 8186 77 527 272 3513 
129 5796 1004 22 1357 158 17908 2306 90 9333 
22 16782 204 10 351 
22 17918 97 17920 
4 4120 39 2 362 22 1357 17 37 17930 265 17932 269 4407 18 90 17937 59 17939 97 985 
37 3089 7624 90 1919 1193 935 170 5148 
3380 158 527 
39 32 7761 166 37 3790 9445 13136 17 170 2 19 97 1934 34 97 17110 17122 5148 18 97 2159 2 10709 158 97 2159 2 12760 332 1163 104 37 2982 1004 17989 265 97 17992 34 5843 1551 170 97 8293 17324 265 6349 506 199 22 1612 3793 204 11922 8293 
465 46 37 4923 166 97 3695 34 12 489 
2 1710 204 6 433 7757 
1115 
1196 79 592 6 433 22 25 61 
256 624 1795 406 97 7766 
18 380 514 106 77 17110 18047 
256 2505 22 37 18052 7624 
25 909 129 5898 139 
1161 2 290 330 
331 22 1361 1115 
1196 170 18 58 406 97 7766 
4269 22 18076 18077 129 1451 61 141 330 4530 18084 4532 18 330 7562 18089 18090 
18091 18092 2 3793 5314 
1115 
1196 212 248 2159 18101 18 3894 508 166 97 1634 18108 1477 90 63 865 63 37 1370 37 12435 18 37 9210 4935 18122 18123 806 6349 2311 34 9489 18129 18 18131 170 9034 18134 
29 30 31 90 1710 16674 
642 1196 2 61 18145 
997 6 670 22 77 3142 7608 46 1213 406 37 4213 18158 723 724 18 8753 110 6 58 77 1986 34 2046 428 141 
18172 166 18174 127 627 2405 6 3818 3935 3200 7863 698 305 8097 18186 104 1196 178 179 63 167 18193 302 34 18196 265 4935 
1357 2984 37 18158 1115 
1068 90 1206 
105 124 2046 660 2020 3142 7608 63 723 724 29 18218 1819 8916 278 9365 13405 5693 
57 2 624 330 261 18230 465 127 275 2484 698 97 8229 2 3043 18 2 179 275 6114 6 4755 832 6 677 1800 947 413 166 204 18 179 37 1453 406 4043 5574 34 139 97 2375 170 37 9805 18 18270 5754 9201 97 278 
97 7655 7656 603 167 18280 18281 5002 29 7757 
2182 2665 90 26 
2217 97 4128 34 107 10 18295 8823 97 7658 352 4632 170 269 7817 217 
129 2 3265 6 677 1115 
1068 79 77 2 2020 2046 428 6 12 8461 18 90 18323 12 9443 15 6 2711 
161 627 5 6 2982 238 406 7509 278 166 10 207 
97 18342 5 6 1045 158 204 18348 406 18350 18351 29 97 737 2060 
265 12 181 2 290 420 2 715 158 46 107 37 18368 104 219 2 61 97 2364 
513 4266 170 210 77 413 4091 
7757 18383 97 5423 18 2988 1075 420 18390 37 1394 18393 760 97 592 34 1193 192 596 1196 26 3661 6 7661 
7662 
7433 170 97 7430 4 37 3057 660 18092 406 37 13 18 18420 170 18422 
12 7771 1961 18 603 420 37 18430 4923 166 97 7519 34 1193 935 
32 37 354 5573 18442 25 290 420 18 4 107 265 22 
104 380 22 338 1443 484 265 10 18459 18460 34 1808 119 256 1357 166 269 13 6107 18 670 107 
1196 7242 6 97 7430 77 18479 7436 46 1193 75 963 104 77 1068 46 1443 42 248 484 265 14269 77 90 46 4120 39 90 1612 433 332 97 2364 
1612 58 158 30 2264 
170 30 7485 90 2652 2159 11954 90 1004 443 170 8604 406 17 18 362 17 69 630 2 46 3265 204 29 97 7657 7439 81 
433 45 1196 2 3 
207 354 3546 513 58 37 18550 
10 79 97 18554 7485 692 1302 180 166 
39 22 57 9936 170 18 18566 3142 7608 18 363 166 8566 374 1336 29 2046 1817 256 2505 22 37 18052 77 547 18585 97 2364 
698 279 18590 6 279 18593 
105 12867 5987 34 14228 3142 7608 97 7655 7656 13483 
39 97 8461 4005 17 256 2916 22 204 465 677 106 18617 
9077 2 61 
18 211 588 22 18625 119 18627 2 380 1453 166 18174 90 290 17 104 2 461 18639 325 4622 1148 18643 10 1813 18550 3678 
374 1193 18650 2 18652 363 170 97 284 18 406 18659 239 5203 363 204 6 18665 166 957 351 18669 
1068 272 5623 476 161 627 53 2 63 18679 37 18681 18682 
97 9737 17110 17404 46 40 97 9486 34 37 18693 299 5006 124 7012 10498 166 302 18701 97 18703 806 18705 330 1551 772 8293 17324 
465 46 2086 34 10916 18716 18 390 37 3084 18721 170 18723 8552 118 18 18727 34 18729 
97 7199 46 627 34 72 184 18737 104 158 563 603 4769 265 279 18745 
158 46 170 2804 37 4904 18752 6719 
465 46 37 18757 166 12 18760 7119 18 97 8885 662 1115 
18767 18768 6 433 22 1115 
1068 
2182 8002 420 6 433 207 34 97 2239 372 547 22 2 290 420 77 22 161 963 8243 104 90 61 90 178 433 22 18 1004 1842 
90 963 2 1206 
3850 
5300 420 170 
588 22 69 167 18767 18768 7757 570 25 1461 330 935 
97 18825 18826 10309 
163 170 18830 140 9482 9483 
2 57 461 59 39 458 1842 37 226 
439 231 2 290 330 
256 433 420 
22 9 170 97 1800 5423 18 443 97 985 18861 42 22 57 1045 37 7585 
25 176 
2 57 588 2345 508 77 18460 
256 5648 15 97 18760 18882 18 443 97 985 13231 
77 11 
256 2351 6184 149 22 677 
279 219 37 18899 
1115 
18768 46 167 18904 1307 1795 204 660 170 97 2886 8767 106 18914 817 2166 406 12685 18919 5965 37 18919 2172 18924 713 18 37 18928 18929 
90 1710 18932 104 627 3780 806 158 
90 18939 406 37 5745 18943 18944 170 1193 2673 104 1193 3335 46 5401 18348 18 18955 
1115 
1068 90 26 
22 178 14623 97 18964 34 18966 104 22 547 3472 199 2 670 22 77 2 866 8461 34 97 2000 8521 18983 170 97 2143 11621 
331 380 2796 4 16150 119 18994 
97 40 11746 2 179 413 6 22 79 1477 12 19006 170 97 2364 
670 17 77 22 127 19015 170 97 19018 34 8328 
1486 1148 97 3827 
9464 10202 8753 158 9611 46 37 4904 18430 19034 18 2 8711 2046 4221 77 90 46 4593 802 
331 2 380 8002 22 2216 170 19052 75 97 19055 19056 158 17690 11469 6 179 817 8521 6095 170 10 1151 
10961 19069 244 219 12 723 2063 
275 380 624 13230 
62 9680 170 275 9563 19084 4 167 18943 10249 4015 19090 18 39 22 338 6 2711 458 461 77 895 69 107 106 17 
2018 656 896 97 299 19110 19111 170 2046 2649 104 2 114 433 97 797 34 963 248 19124 
2 4384 420 37 5523 
129 588 22 896 6 433 17 106 1115 
18768 2 1206 
265 107 22 69 465 656 345 19149 19150 107 593 97 1817 
12 723 19157 5274 46 19160 37 7655 7656 34 97 2364 
18768 15192 1193 5523 406 37 19173 34 37 6922 19177 7488 
77 1004 345 19182 
7653 
19184 158 37 1161 19034 18 37 19191 7656 
1283 564 3368 180 9435 6 269 7485 
458 461 420 1647 8218 
53 22 69 170 947 34 396 465 1226 6 345 261 19218 11 34 19221 18348 19223 19224 4675 97 19227 
19228 19229 107 14324 19232 19233 18 19235 
2 535 19238 37 19240 53 3037 53 2 1612 3925 97 19248 11473 
4 14167 45 265 19069 18 22 179 29 2372 1396 431 170 19069 6 443 170 8604 406 97 2000 8293 593 465 
105 97 40 19218 11 19279 19280 57 345 19283 19284 53 19286 19287 61 723 947 19291 79 627 1748 
97 2804 79 77 88 170 396 817 3181 19304 219 2026 18 9499 178 18 588 19312 18348 19314 
2 7536 97 19318 265 7757 
3142 7608 2 1206 179 1451 30 16584 170 97 284 19332 18 19334 25 18383 97 5423 6 37 4421 1006 19343 53 37 19346 19347 15295 97 19350 18 5646 37 7692 1394 9009 
25 19358 817 19360 18 10669 7029 303 6 4043 18 2187 6 330 284 
19372 61 2 
19375 2118 18768 2698 
104 129 4269 22 896 6 433 17 106 2 7275 
22 656 345 107 355 104 4 3383 3396 5601 806 97 2364 
4465 299 5573 4465 90 19408 17 
39 895 624 19413 362 17 19416 170 97 6066 19420 18 12 1228 547 563 69 116 6 12058 17 1147 119 19433 256 670 2711 6 1035 19439 
275 1068 129 2 3265 6 670 22 46 19449 22 9443 592 6 269 18186 18 256 2346 2535 5359 77 8353 19463 670 420 77 97 19280 51 
2046 15155 331 79 6 19475 19476 265 97 1800 396 211 547 345 760 19485 14532 2 3142 12 875 
2208 232 6 4128 3574 723 543 2126 18 544 6 17816 19503 19504 17492 2646 18 18983 59 34 97 19512 
5300 303 6 19516 6 19228 6 19520 
19521 303 6 19524 2545 303 170 19528 6 19530 19531 119 19533 
670 19535 77 852 2439 19539 2046 3791 18 547 4175 97 15155 355 9201 97 2430 104 465 178 345 275 19556 275 4465 106 723 19561 
39 2018 886 37 19566 18076 362 420 179 158 104 698 331 166 2046 2113 79 6 4638 2026 53 167 19584 265 330 19587 9503 18 53 37 4221 5837 97 578 547 247 6 4622 97 19601 
670 420 77 547 22 299 660 0 5401 19611 
18768 6145 1193 1453 406 167 19618 19619 34 97 3069 1961 1461 2200 18 941 97 5423 53 19631 53 90 63 19635 170 158 
2 6634 204 97 11922 6066 
624 17 2364 
2603 2 61 
2 3112 6 2153 6 1115 
37 
7653 
1196 
0 256 1842 
