18 42 7757 2 10172 12 875 79 77 265 261 16150 11746 279 204 6 17 6 1045 204 116 527 941 1148 18 7 6 588 37 354 2113 406 97 2057 5359 19697 14269 
25 19700 16044 19702 166 97 13405 16 17 406 330 9047 3655 15204 19713 18 37 17827 34 5523 19719 170 97 19722 29 330 6949 
2505 17 37 19729 2 19731 
199 2 91 6 670 12 19738 19739 
1068 77 19742 25 1612 2796 34 46 6 5300 17 1148 6 37 19754 19755 596 2 46 19759 5148 
97 19762 2372 251 19765 2003 6 19768 77 163 79 2694 18 77 4120 87 909 158 
42 345 606 18 4511 77 2 1512 345 3520 97 2520 
25 244 2605 
5574 25 2988 204 19798 1944 593 6 97 9000 18 1087 4043 503 817 354 6264 19811 
19812 170 269 3034 25 61 
1120 6 433 22 166 2430 2 380 433 2216 627 25 3043 3661 
2 380 4511 6 345 18430 18 2 69 77 97 2239 1024 170 97 284 2796 4 952 104 37 19853 1477 2 380 4511 2 380 219 431 104 4 4120 39 2 2796 77 527 124 79 207 34 9137 19875 19876 1612 179 17401 204 521 53 19883 53 10 
53 2 112 420 90 8753 30 963 19894 2 61 
3515 158 90 8753 18459 170 351 
90 6634 204 37 1172 34 1520 2616 18 603 303 37 354 1213 170 1193 19920 5617 
90 8753 42 802 166 745 18 5486 18 19931 265 1193 4120 19935 90 46 37 327 34 4873 
90 4077 37 354 947 18 90 4077 37 1228 6 179 37 354 947 
90 3198 179 180 11351 170 207 34 209 19966 19304 116 97 888 588 107 97 118 18 97 431 4175 19979 1453 18 58 4029 
2 1531 37 8867 5388 
2 63 12244 12 1013 19994 
2 1241 129 19998 34 20000 3081 199 90 16394 204 406 20007 
2 715 34 20011 18 20013 20014 7701 18 20017 2018 18 20020 
16150 89 97 2822 578 1004 20027 17 45 46 207 9964 165 124 1612 2306 6 12 2358 3935 14766 265 167 20044 
670 17 106 10 1643 1645 7757 26 
2 380 624 107 97 20058 106 420 18 10 717 
4859 6 17 20067 77 20069 17 90 46 97 10824 8581 63 37 33 34 20080 166 29 11360 
527 46 223 33 34 20089 106 158 2615 506 7624 
279 2783 265 17 6 345 498 2 398 
1645 46 37 3790 20108 29 11360 18 656 179 63 37 20116 935 
527 8753 42 802 20122 104 406 963 248 1551 
20128 4221 161 3040 806 20133 77 79 
90 232 1408 10595 20140 59 772 97 1814 15155 3408 1193 2113 3057 37 1228 63 37 20154 406 1193 13 18 20159 97 737 53 37 740 741 374 25 729 59 166 420 
97 737 9435 420 6 2078 
118 18 3420 420 6 97 172 
90 7154 219 37 3103 25 3043 9762 1193 13 219 77 
670 17 2159 106 330 
79 25 4904 2 715 37 946 947 
2 380 1891 69 2 61 14414 
2 439 1241 
25 46 12551 6 17 946 374 2 46 12551 6 330 
25 63 37 15074 166 330 941 5018 18 37 20242 11 34 1435 199 25 46 1510 6873 34 17 
2 875 25 232 1374 34 20259 170 726 18 1145 158 59 166 17 
30 18420 2 1461 12 935 20274 
12231 963 248 166 37 1814 20281 
25 61 25 244 896 30 596 1451 1612 360 303 
2 46 2982 1748 6 4266 330 
609 199 1451 1612 360 303 25 244 896 303 
114 677 2 3762 330 
4269 25 58 22 7074 34 72 627 124 886 6 345 7074 25 839 17 20331 104 158 46 20335 6 345 238 330 
2 439 1241 129 1283 461 199 2 232 20349 20350 20351 4622 593 952 29 107 119 20358 20359 593 952 
7757 4847 
77 12193 11264 25 517 
256 4175 10 207 18723 
32 1643 1645 18 527 1068 5369 772 207 
97 797 79 116 588 1451 338 698 45 4005 433 22 1588 20128 75 
2 6609 59 957 6922 2823 20404 20405 18 20407 1643 1644 
1645 593 18 593 5148 166 97 592 34 167 20420 
25 19 158 7178 
105 275 20427 25 517 18 279 952 219 957 1661 
2796 2 1612 624 37 1590 20442 166 158 4005 7 2 4241 
341 199 2 624 6 97 284 256 20457 37 1590 166 97 20462 122 29 2711 
22 7314 158 170 265 20471 18 1307 433 39 158 20477 
25 1461 330 935 
275 12884 39 2 91 77 1013 575 1451 69 20492 179 97 20495 
455 374 22 265 20500 
57 22 2796 34 521 5796 627 14532 22 338 6 2711 18 433 717 170 2717 
18 8002 330 6 20522 12 1661 
119 1842 
22 57 338 18 428 6 330 18 4429 630 25 20538 330 20540 6 443 330 20544 204 
22 57 461 59 630 5898 223 9066 106 20555 
22 57 8002 39 25 223 19056 77 20564 20565 79 37 2264 20569 508 20571 5499 18 630 25 223 20577 20578 20579 20580 
105 1748 25 4747 
104 20586 2 5 6 624 6 2711 18 588 107 3574 633 1800 16918 2 61 22 18 2 57 19521 15 166 37 351 20611 20612 163 20614 370 4 165 20618 806 97 20621 22 57 1590 166 717 
433 39 4 627 355 
25 1959 
105 207 11 
129 57 1451 8856 204 97 284 79 20645 204 170 17460 118 18 77 770 275 48 265 13798 17774 
22 624 129 90 770 97 17466 18 895 670 17 77 97 20671 2422 79 45 6 9 
2 16448 97 3791 
670 22 129 7757 2 3 
62 180 16269 10 593 
97 19280 5 6 7351 10 748 
129 2 10709 166 97 1486 5784 77 3468 57 6516 59 760 4043 
97 20714 127 166 305 723 12210 104 5401 34 97 20724 10918 127 162 77 158 547 1045 698 20733 3767 6 817 506 6 3793 204 20741 1520 20743 20744 34 11448 
10 9464 1418 547 588 97 20753 18 97 396 547 345 593 806 20761 1147 
399 37 48 265 527 1068 6 58 6151 817 119 1396 307 
25 176 20778 
332 399 9709 20782 2 4241 
107 20786 204 806 97 20790 
723 17328 20793 20794 37 20796 166 9709 18 1637 77 465 8753 30 6 345 63 
399 20809 18 20811 2 20813 
97 20815 5 6 345 13155 
399 37 20822 35 629 53 2665 
6552 20828 18 1307 345 1795 
629 25 517 39 22 896 6 6552 320 18 57 624 19503 772 20847 119 97 20850 
104 465 127 20854 20855 20856 170 20811 18 20809 18 22 114 19729 772 97 15155 3935 1017 29 2711 
332 106 20874 2 6664 
1451 57 17367 2046 396 17324 18 17427 170 163 3084 265 20889 20890 
677 7432 20893 119 4043 
7429 
7757 18383 97 5423 18 20902 12 935 20905 
18092 25 3043 279 6299 12055 265 22 18 957 20916 2 69 12 11 238 97 278 
2346 1148 2065 17530 596 97 20761 351 3336 3809 59 
279 107 1795 265 37 3790 20941 199 97 20944 20945 18 37 327 34 20950 127 5 6 345 1667 
22 57 17367 1555 34 72 104 458 179 6 1842 265 77 
39 22 178 338 170 265 20975 7 97 20978 119 97 20981 
13798 17774 1226 158 9023 42 77 97 40 11 22 57 58 1551 59 34 97 20999 79 6 345 37 19240 119 37 21007 
104 77 513 58 11469 2 174 
170 30 1817 18 29 30 947 3770 21023 166 129 79 5 6 4055 79 15627 37 21033 
332 106 21036 261 34 97 396 21041 1555 25 1461 330 935 
22 1842 2349 692 180 6 2711 
261 34 97 18430 10918 15 465 656 69 97 4919 
4395 158 547 345 21069 39 895 57 40 624 15605 34 21077 
10961 158 547 345 21082 21083 104 105 5 6 345 37 21090 21091 
4216 97 21094 547 345 2739 265 22 42 2216 514 21103 34 21105 1607 2 17779 330 332 170 2665 866 2 5 6 624 261 20916 332 224 527 1588 14269 29 97 313 314 4216 25 176 
90 1226 1396 119 2907 12640 21138 
97 207 90 20577 265 21144 6107 21146 79 623 9782 21150 
7662 
1068 
4005 433 22 7 6 17073 77 
112 90 21162 107 1193 3202 18 21167 37 1394 9351 5574 34 37 21174 593 97 2 
2 91 77 37 543 4614 596 25 1461 330 935 
465 352 37 21192 170 852 2439 124 535 1035 37 1590 406 77 166 158 
4005 433 90 9782 1193 75 6 163 238 45 
433 39 22 114 1986 158 
25 21222 3396 37 17827 34 12533 18 14414 1259 204 406 37 1986 34 97 2358 34 21239 806 547 21242 
527 715 10 1004 345 354 265 17 25 157 
45 158 79 265 3142 7757 7608 406 97 21262 34 21150 
7662 
1068 
90 46 219 21270 34 21272 603 420 37 21276 
90 2440 77 265 17 21282 374 20492 180 5147 21287 313 10322 29 167 286 17410 21294 
7 158 
2 91 97 1623 5148 104 97 1099 46 88 2264 508 12 21310 21311 
10 947 158 1710 219 129 158 15141 21320 20500 
2665 2 10567 62 1611 232 6 588 2345 508 77 
332 106 12 21336 158 1470 345 7944 25 290 17 332 1583 158 79 6 2764 37 1623 105 180 21354 
279 163 106 97 21359 34 97 21362 18 97 21365 34 97 20405 
275 817 21371 127 21373 21374 18 105 2216 37 21336 21380 549 3372 
895 232 21385 211 2764 158 
1307 20586 2 5 6 624 261 20916 2 6664 
2 114 1733 166 20128 2711 21405 97 17551 127 465 352 248 465 4216 
18 39 2 7 6 1733 166 1068 21422 256 461 363 170 97 21428 
25 232 204 18 1087 4043 6151 21436 34 19811 
2 232 158 25 662 
158 241 345 963 297 265 22 104 279 2345 508 21455 
22 2843 458 4766 17 261 2665 18092 2 232 275 21467 119 21469 170 97 21422 18 37 543 21476 170 17429 
275 10 79 2345 
623 6516 59 269 2057 18 13231 269 713 
158 21493 219 21495 
2 2486 592 170 97 192 711 12 713 18 21506 12 355 2057 170 5693 34 17 17587 21515 
2 564 330 21519 772 97 9034 
199 25 1259 592 330 2673 21493 21530 53 25 6059 10 79 158 18092 
443 209 713 13231 465 46 37 12544 21546 21547 9201 97 21550 34 12 7632 609 12 355 2057 46 6380 2129 18 21562 
2 5007 12 713 6 433 7757 7627 37 21572 21573 21574 170 330 2057 18 9986 29 17 13382 53 97 21585 21586 698 12 21589 
527 25 21592 18 13932 15 170 97 5691 
2 1709 16238 97 21603 698 12 21606 18 21608 158 238 12 21612 7632 
21614 6299 22 2 10567 
4 997 18092 25 6059 
2 244 896 6 1000 22 
158 212 97 40 11 22 4120 2982 2 856 21640 29 330 
588 22 21645 22 21647 406 77 21574 170 269 2057 18 1512 179 21657 167 21659 275 4269 2 25 21664 204 1709 18 1710 238 
21670 2 1160 3558 
224 158 1000 248 627 9728 
2217 97 3790 2658 331 22 841 219 527 25 3 
90 439 232 3343 1583 
2306 22 3790 21699 39 692 21657 269 7632 22 232 6 179 37 21710 18 39 22 232 37 21710 166 269 355 2057 269 21371 5 6 345 19883 
107 22 247 588 79 21732 158 18 2 119 207 34 97 1024 547 8219 158 18 97 122 547 3774 158 18 458 624 97 20916 
2 715 77 207 593 
692 232 163 170 269 935 2650 209 3790 10720 713 2 398 
331 39 22 40 179 261 21779 18 21781 1307 433 39 2 57 21787 1148 21789 
25 3378 
21792 97 723 575 458 624 25 61 
465 343 6 345 163 170 97 21807 15591 
21670 25 2652 
2 4012 256 179 6 624 22 21819 18 6931 22 170 97 642 623 219 37 18092 
21830 77 163 332 106 261 7322 2 6664 
22 61 163 106 37 8859 592 29 97 284 18 107 692 2655 17 79 1347 18 17027 
22 624 166 406 269 2562 18 362 17 7 6 9107 12 2057 
2 1368 772 97 9034 21877 261 21879 18 37 5617 34 21884 21885 
289 97 21359 34 21585 63 21892 2 14415 6 21896 363 9729 265 97 21901 34 21903 527 1068 1623 
677 527 7757 6380 4930 29 97 9034 985 406 167 21918 34 8859 1075 330 
62 623 13130 59 163 
39 22 9972 527 104 37 21934 698 97 3827 279 627 7092 265 22 6 433 17 170 12 3655 
161 21950 2182 443 14856 166 2349 374 6985 2 61 
2 241 2013 166 21964 
4 13155 
25 176 
22 629 57 58 219 527 25 21976 
1450 97 21979 6840 