1307 465 158 79 1196 2 2940 12 21989 
3142 7608 8472 17 12 13 513 18 2 380 5799 22 6 
104 39 32 4632 2 57 22009 4 1643 1645 30 8058 34 22016 
97 2375 6145 1193 1453 18 7360 22024 29 97 22027 370 7757 6149 420 37 852 20108 34 18639 18 22038 22039 
1115 
1068 90 61 29 723 
4 5147 269 2348 170 269 22052 3142 7608 22055 10071 158 22058 279 627 265 17 6 1357 22 37 22067 
380 22 22070 7757 8711 420 
627 370 4 238 2375 119 275 2375 
677 129 588 97 6696 37 
7653 
2013 265 170 269 75 22094 22095 129 588 22 2796 22100 22101 34 72 
275 1115 
1068 2 241 1357 22 37 22067 1477 6 670 97 2520 4 627 629 77 22 127 
12613 34 22126 633 179 1290 170 10 396 
10 1512 179 1290 
104 2 114 588 521 106 158 
114 22 29 2372 1590 166 97 1645 21365 2 1206 
1196 1461 1193 935 
140 2 1612 588 30 22164 1283 179 6 9443 12 22170 6 97 8461 
39 2 46 1206 265 37 11746 1283 179 6 2785 77 2 63 22188 265 16269 77 1186 20128 22194 97 2364 
1226 439 22199 37 22201 166 22203 180 8392 698 97 3827 3774 772 3060 22212 18 79 331 2227 14525 170 97 10727 34 2285 7662 
1068 22225 17084 
77 9443 698 17 1004 338 698 12 8461 355 204 6 7653 
7714 7715 97 22243 97 8705 22246 34 8125 97 15591 18 22252 2118 
331 535 77 23 297 166 12 7585 535 77 623 3078 17 355 170 22269 265 22271 345 4754 22 817 
4 627 162 2 380 4266 10 22283 104 158 1004 345 15627 12 2113 6 2416 219 2 18679 1844 2 232 37 13 18 1396 18420 170 18422 275 16425 
7757 19700 16044 265 37 543 2311 22100 22101 1196 25 1434 
22 1765 61 521 106 10 22326 10824 18768 2 4747 
22 1612 588 163 106 420 3935 7854 106 17 18 12 2358 
18768 1196 22346 1193 13655 
5 374 420 1004 22353 17 34 97 947 1451 9825 97 22361 34 8335 22364 406 37 3181 22368 22369 22370 
18768 79 107 90 1595 90 79 18 9624 127 59 627 6 8604 420 
332 588 22 2796 1451 343 6 4622 10 396 4216 22397 129 106 77 3181 22368 22370 7757 6664 9887 
22407 698 97 2121 22411 97 299 8335 4015 20811 18 22 22419 6163 7095 18 97 18825 7757 22426 18 265 97 22430 947 256 2785 77 12 22436 75 46 22439 18 12 22442 75 46 22445 42 895 22448 14856 10582 219 22452 119 22454 104 279 107 207 149 
275 22461 
42 465 2 3518 303 6 624 593 305 22471 22472 18 413 592 6 97 675 34 97 22370 
1307 1115 
1068 1196 157 
279 10 11 
204 170 97 22493 1451 179 37 7655 11 34 2562 22370 
107 22 247 79 37 22370 37 22509 37 22511 10709 18 37 618 34 22517 
1013 22 3267 269 22370 
105 12867 7782 
22 22527 420 18 22 22531 420 18 22534 420 204 219 37 22539 
609 22 22542 420 204 53 3037 53 22 57 8867 11410 37 22509 623 5216 97 22557 18 4674 420 170 42 90 241 2545 
609 22 11794 37 22570 810 7444 420 11410 97 22576 
97 810 33 34 22581 97 22370 219 37 22586 22587 22588 1148 97 22591 18 22593 97 22595 
97 22557 623 22599 22600 15 166 97 22370 22605 370 5898 2562 
623 106 97 947 97 12831 22615 6 22617 2 3198 179 157 22 10709 1148 97 22626 623 5532 97 22557 42 97 22591 57 624 3372 698 97 767 18 97 299 22576 547 1733 219 37 22648 1795 37 22651 6 37 618 34 22517 3872 158 170 97 810 18 365 219 2665 
1307 1170 97 22517 8369 1148 18 623 22599 22675 97 299 22678 22370 59 97 22576 219 37 22685 
609 22 15780 158 204 22691 158 592 6 97 22696 22188 18 2 670 22 1115 
1068 279 12867 9139 22707 
331 10 947 1451 22712 9825 97 22361 34 8335 22364 90 46 1443 37 21090 22724 593 29 97 299 498 22188 18 2 2796 2 624 97 7452 1196 2 61 22741 170 166 420 11475 
1451 4269 4904 248 97 22751 575 406 18092 22755 18 22757 170 97 3827 
199 1451 161 374 2071 22766 97 22768 12037 275 7351 34 18092 22774 2 875 
42 20492 15780 14856 204 170 37 22784 3793 303 8823 303 406 22790 22757 18 618 303 170 97 22797 22798 
609 20492 8604 1148 37 22804 22805 1075 14856 
22755 127 22599 22811 42 895 1368 59 97 22817 219 37 22820 22821 
97 22823 22824 34 97 22827 627 40 22830 97 4247 104 22834 97 22757 
77 22838 59 1795 204 9605 22843 18 22804 22846 
609 20492 5300 37 22851 59 6 15780 14856 204 18 179 14856 170 4357 
9805 406 22864 22865 895 161 22868 
207 947 199 1451 161 22874 22875 97 22877 34 275 
22880 22881 5314 1451 63 37 4247 170 97 12694 14871 18 22892 158 29 37 2071 2029 
158 9825 2 57 433 7757 26 77 62 180 22908 37 327 34 4873 45 170 852 2439 89 256 439 3380 97 947 1451 1102 1451 1637 37 1858 22929 170 37 4007 22933 29 97 22936 124 170 2665 57 77 345 97 22944 7120 22946 
1196 1710 37 1394 22951 
2 715 158 1512 4638 37 327 34 947 18 484 90 61 39 2 1206 3124 
1068 6 2916 4043 45 
2 290 330 77 3142 7608 46 37 1191 34 22984 1470 2345 338 170 97 2239 5423 18 3078 166 5494 22996 22 380 247 163 2159 5620 23003 508 209 6 514 1115 
1068 
105 623 23012 1196 2 517 
4269 22 1302 433 37 13 124 1700 2764 37 23026 29 37 1569 23030 23031 166 37 492 18 4642 724 114 677 2 4269 97 7655 7656 398 104 62 439 63 104 207 13 18 5898 8243 406 97 18420 
465 46 37 6972 166 97 985 18 1196 5007 158 406 37 23072 3335 
413 355 170 3124 
1068 90 61 
12 1191 3142 7608 79 170 97 2239 5423 18 547 345 59 170 37 3089 
1115 
1068 18 2 10 61 830 79 3124 
252 
374 527 244 3546 204 265 37 1172 34 23116 1451 3078 2046 23120 10582 18 733 77 817 1612 514 53 23129 53 207 
42 199 2 232 269 23137 2 623 5353 251 18 45 1451 127 
2183 527 79 10 6151 34 269 23153 3372 698 1213 251 252 1710 4904 248 97 11 37 23165 22370 170 37 22509 1512 345 11106 6 1160 370 2739 265 97 22517 6 10062 184 9139 23184 18 627 5177 37 6299 630 25 9825 97 22361 34 97 299 8335 4015 
2183 527 25 26 2838 
10 6151 34 269 23209 2288 2 8186 77 7757 61 698 97 5754 
10 79 12 1231 18 2 244 23226 22 18 256 179 22 69 77 4 37 184 23237 871 23239 1228 
97 5669 34 23244 46 40 2174 23248 806 97 2804 77 53 25 18939 37 21436 34 3916 23260 13946 104 23263 20140 5216 97 23267 34 330 2319 18 5683 170 37 23275 29 330 9945 
7757 1710 15 
2182 2665 1024 25 61 2217 97 4128 179 37 1453 6163 22 3142 7608 830 3 
2 547 
58 1808 18723 1347 18 97 22751 265 3124 
252 
127 22 806 30 48 23316 170 12 6761 284 4 1193 7771 7757 398 
527 1 1085 166 17 406 37 10298 219 209 23336 170 23338 8918 211 4532 806 167 5653 3034 18 22 23348 77 22 63 952 6 588 406 97 23357 
2 46 2982 1748 6 4266 22 
29 97 947 2696 2 157 23371 2 244 69 158 363 
1196 1259 23379 6 12 23382 
140 22 14213 6 30 14216 3124 
1068 90 3518 2 2796 2 343 6 2785 77 2 5658 97 2364 
18 77 1115 
1068 1259 45 5274 29 12 23413 
269 3492 23416 6 345 170 184 5824 484 3396 97 2475 2416 
2 23428 866 23430 77 399 180 37 23435 18 77 5359 2530 104 12 23442 79 34 275 4769 14532 2 57 461 13954 6 23453 158 
2217 90 2408 251 252 1206 6635 
547 90 338 6 23466 23467 3124 
252 1196 3 4 627 13483 6 23476 97 9665 34 97 23481 760 420 
275 23485 23486 1226 180 23489 18 39 22 57 239 17 1851 547 345 839 
97 7782 575 79 6 69 116 90 46 18 129 90 46 139 698 97 23516 34 2597 596 97 5378 34 7476 
2216 97 23516 34 2597 12 13 6664 
90 46 406 17 29 620 621 5401 34 77 947 
2 18 97 5006 29 97 81 4929 57 15704 6 77 
2 380 2796 90 1368 6 97 284 248 77 16918 
158 46 147 16918 
90 18 2 1368 6 7509 
3124 
1068 90 61 22 127 37 4091 18 23585 17109 
279 623 963 4213 77 207 34 2046 19006 1226 3383 23598 97 23600 1228 124 23603 77 1115 
1068 244 413 1213 289 107 77 16918 
830 23615 592 170 330 192 18 1710 29 17 406 167 9605 34 23628 23629 
527 25 3518 338 6799 18 670 420 116 22 161 
4 269 13 18 2 380 9086 129 23649 22 161 204 6 119 129 873 22 161 406 623 42 895 380 5300 22 6 23667 
2 1961 29 330 
1 2 3 2 2505 22 12 149 2 1611 380 112 
2 380 69 116 2 46 
53 2 290 22 97 2239 1147 62 1303 37 1306 53 6 129 1290 140 723 1142 142 
3124 
252 1145 2325 34 97 3089 34 23717 8584 211 6125 10 23722 
380 7 6 345 23727 527 25 3518 17 
1451 1018 23734 6 23736 158 1 104 527 23741 77 16918 406 17 
90 23747 37 1231 265 17 8851 1115 
1196 106 3766 2126 12273 18 1451 3078 170 37 2822 16918 10582 
2 23768 22 2796 4 37 23773 873 104 1196 1710 1891 10701 23780 
2 4312 588 627 896 6 23787 37 17109 90 290 330 104 97 7658 1938 204 166 77 22055 141 
97 23803 18 97 23806 873 503 4032 77 832 265 723 1142 142 18 1635 199 22 161 465 806 2984 23824 22 23826 1115 
1068 63 180 54 97 1817 265 29 2372 817 2126 
97 3698 23841 18 97 23844 23845 1018 180 4715 18 97 7322 170 97 23854 46 23856 
465 63 180 275 23861 
2182 23863 251 34 107 97 23868 23869 97 23871 29 396 3124 
252 97 7655 7656 3 
18 370 4 29 158 2 1512 53 1307 4638 3142 7608 97 484 34 3520 17 77 1115 
1068 23741 77 16918 45 406 330 
90 4269 627 
2208 1938 10 22055 81 5401 7233 53 1307 53 1115 
1068 284 
2216 77 5897 16918 2 1206 
1196 1085 6 17 23932 
170 11860 34 269 12787 23938 6 17 90 4864 4 629 22 547 3472 10 23949 
37 13592 10403 4269 627 23955 698 37 13592 7392 596 97 23962 34 2597 
37 13592 23967 46 627 23970 166 2430 77 10403 596 374 25 63 23979 
140 609 97 23983 124 5203 97 23967 6 97 10403 63 275 21023 211 10403 63 180 23998 
140 609 3468 166 77 10403 63 30 21023 77 30 23967 1004 345 5203 166 2430 18 63 275 21023 34 97 9665 34 279 24025 
4106 24027 161 839 178 179 180 839 24034 97 17932 543 544 
77 29 30 31 79 97 7761 24046 97 7658 1226 24050 
179 22 275 2658 34 116 22 1512 179 180 170 77 10925 1115 
1068 2 7977 12 935 170 12 2200 18 715 592 6 77 24078 642 6349 544 140 199 97 1486 6609 59 34 24089 737 24091 18 24093 8335 1408 24096 841 265 24099 18 97 24102 34 24104 5620 24106 
2 11611 332 53 1451 2187 24113 24114 6 97 24117 9454 29 24120 37 24122 63 3078 59 413 24127 18 3078 37 24131 24132 9660 4043 
2 11611 97 24138 90 5725 166 97 24143 370 1451 839 37 24148 265 97 24122 18 24153 37 1950 24156 166 2430 18 332 158 46 12816 5216 24165 406 37 9862 24169 
609 2 715 34 97 365 59 9429 792 22586 9483 18 9431 2046 5940 169 24186 1408 97 24189 24190 34 97 3827 370 97 22570 172 9077 24199 760 2046 7392 3302 18 97 10262 24207 18 10403 1461 18 97 9821 9822 24215 9201 97 9811 
18 2 11611 77 723 724 170 97 4357 199 24229 24230 24231 24232 77 90 275 1115 
1196 2 290 420 4 8487 77 97 633 2 112 535 239 3480 34 4043 
22 338 6799 18 433 129 22 57 461 59 106 17 18 42 547 2 
527 830 61 24272 
670 420 116 22 161 2696 
279 275 4128 24282 77 22 380 112 
2 69 77 22 57 2785 
2 69 399 952 1510 2694 
7757 729 9201 18 3078 330 2057 166 4393 10233 
1470 2345 179 6151 1453 3124 
1068 25 26 18 42 63 2 
10 33 34 575 79 24327 6 1045 
251 1710 204 24333 29 1196 
39 527 241 239 14269 2 547 25 61 
256 461 59 129 97 3790 2468 46 139 18 199 2 24357 59 413 166 1 2 290 12 13 
4005 338 1213 
62 63 106 53 248 34 10 53 2 57 2013 
1196 22 69 116 22 57 12058 17 39 22 624 97 149 698 2711 
170 97 3542 2216 380 22 976 204 77 18768 21365 105 97 8064 4407 62 24411 
1196 6145 1193 18639 
1115 
1068 90 3043 32 1891 355 104 465 352 37 7513 575 2 57 588 106 158 
2208 63 24436 9624 6 2346 1148 77 10824 18 406 97 7658 9624 79 9624 
